-4.9990   -4.9990    0.0368
   -4.9990   -4.7990    0.0398
   -4.9990   -4.5990    0.0415
   -4.9990   -4.3990    0.0415
   -4.9990   -4.1990    0.0398
   -4.9990   -3.9990    0.0363
   -4.9990   -3.7990    0.0309
   -4.9990   -3.5990    0.0235
   -4.9990   -3.3990    0.0144
   -4.9990   -3.1990    0.0034
   -4.9990   -2.9990   -0.0091
   -4.9990   -2.7990   -0.0230
   -4.9990   -2.5990   -0.0381
   -4.9990   -2.3990   -0.0541
   -4.9990   -2.1990   -0.0706
   -4.9990   -1.9990   -0.0873
   -4.9990   -1.7990   -0.1039
   -4.9990   -1.5990   -0.1200
   -4.9990   -1.3990   -0.1351
   -4.9990   -1.1990   -0.1491
   -4.9990   -0.9990   -0.1615
   -4.9990   -0.7990   -0.1721
   -4.9990   -0.5990   -0.1806
   -4.9990   -0.3990   -0.1868
   -4.9990   -0.1990   -0.1906
   -4.9990    0.0010   -0.1919
   -4.9990    0.2010   -0.1906
   -4.9990    0.4010   -0.1868
   -4.9990    0.6010   -0.1805
   -4.9990    0.8010   -0.1720
   -4.9990    1.0010   -0.1614
   -4.9990    1.2010   -0.1490
   -4.9990    1.4010   -0.1350
   -4.9990    1.6010   -0.1198
   -4.9990    1.8010   -0.1037
   -4.9990    2.0010   -0.0872
   -4.9990    2.2010   -0.0704
   -4.9990    2.4010   -0.0539
   -4.9990    2.6010   -0.0380
   -4.9990    2.8010   -0.0229
   -4.9990    3.0010   -0.0090
   -4.9990    3.2010    0.0036
   -4.9990    3.4010    0.0145
   -4.9990    3.6010    0.0236
   -4.9990    3.8010    0.0309
   -4.9990    4.0010    0.0363
   -4.9990    4.2010    0.0398
   -4.9990    4.4010    0.0415
   -4.9990    4.6010    0.0414
   -4.9990    4.8010    0.0398
   -4.9990    5.0010    0.0368
   -4.7990   -4.9990    0.0398
   -4.7990   -4.7990    0.0431
   -4.7990   -4.5990    0.0448
   -4.7990   -4.3990    0.0449
   -4.7990   -4.1990    0.0431
   -4.7990   -3.9990    0.0393
   -4.7990   -3.7990    0.0334
   -4.7990   -3.5990    0.0255
   -4.7990   -3.3990    0.0155
   -4.7990   -3.1990    0.0037
   -4.7990   -2.9990   -0.0098
   -4.7990   -2.7990   -0.0249
   -4.7990   -2.5990   -0.0412
   -4.7990   -2.3990   -0.0585
   -4.7990   -2.1990   -0.0764
   -4.7990   -1.9990   -0.0945
   -4.7990   -1.7990   -0.1124
   -4.7990   -1.5990   -0.1298
   -4.7990   -1.3990   -0.1462
   -4.7990   -1.1990   -0.1613
   -4.7990   -0.9990   -0.1747
   -4.7990   -0.7990   -0.1862
   -4.7990   -0.5990   -0.1954
   -4.7990   -0.3990   -0.2021
   -4.7990   -0.1990   -0.2062
   -4.7990    0.0010   -0.2076
   -4.7990    0.2010   -0.2062
   -4.7990    0.4010   -0.2021
   -4.7990    0.6010   -0.1953
   -4.7990    0.8010   -0.1861
   -4.7990    1.0010   -0.1746
   -4.7990    1.2010   -0.1612
   -4.7990    1.4010   -0.1460
   -4.7990    1.6010   -0.1296
   -4.7990    1.8010   -0.1122
   -4.7990    2.0010   -0.0943
   -4.7990    2.2010   -0.0762
   -4.7990    2.4010   -0.0583
   -4.7990    2.6010   -0.0411
   -4.7990    2.8010   -0.0248
   -4.7990    3.0010   -0.0097
   -4.7990    3.2010    0.0039
   -4.7990    3.4010    0.0157
   -4.7990    3.6010    0.0256
   -4.7990    3.8010    0.0335
   -4.7990    4.0010    0.0393
   -4.7990    4.2010    0.0431
   -4.7990    4.4010    0.0449
   -4.7990    4.6010    0.0448
   -4.7990    4.8010    0.0431
   -4.7990    5.0010    0.0398
   -4.5990   -4.9990    0.0415
   -4.5990   -4.7990    0.0448
   -4.5990   -4.5990    0.0467
   -4.5990   -4.3990    0.0467
   -4.5990   -4.1990    0.0448
   -4.5990   -3.9990    0.0409
   -4.5990   -3.7990    0.0348
   -4.5990   -3.5990    0.0265
   -4.5990   -3.3990    0.0162
   -4.5990   -3.1990    0.0039
   -4.5990   -2.9990   -0.0102
   -4.5990   -2.7990   -0.0259
   -4.5990   -2.5990   -0.0429
   -4.5990   -2.3990   -0.0609
   -4.5990   -2.1990   -0.0795
   -4.5990   -1.9990   -0.0983
   -4.5990   -1.7990   -0.1170
   -4.5990   -1.5990   -0.1351
   -4.5990   -1.3990   -0.1522
   -4.5990   -1.1990   -0.1679
   -4.5990   -0.9990   -0.1819
   -4.5990   -0.7990   -0.1938
   -4.5990   -0.5990   -0.2034
   -4.5990   -0.3990   -0.2104
   -4.5990   -0.1990   -0.2146
   -4.5990    0.0010   -0.2160
   -4.5990    0.2010   -0.2146
   -4.5990    0.4010   -0.2103
   -4.5990    0.6010   -0.2033
   -4.5990    0.8010   -0.1937
   -4.5990    1.0010   -0.1817
   -4.5990    1.2010   -0.1677
   -4.5990    1.4010   -0.1520
   -4.5990    1.6010   -0.1349
   -4.5990    1.8010   -0.1168
   -4.5990    2.0010   -0.0981
   -4.5990    2.2010   -0.0793
   -4.5990    2.4010   -0.0607
   -4.5990    2.6010   -0.0427
   -4.5990    2.8010   -0.0258
   -4.5990    3.0010   -0.0101
   -4.5990    3.2010    0.0040
   -4.5990    3.4010    0.0163
   -4.5990    3.6010    0.0266
   -4.5990    3.8010    0.0348
   -4.5990    4.0010    0.0409
   -4.5990    4.2010    0.0448
   -4.5990    4.4010    0.0467
   -4.5990    4.6010    0.0467
   -4.5990    4.8010    0.0448
   -4.5990    5.0010    0.0414
   -4.3990   -4.9990    0.0415
   -4.3990   -4.7990    0.0449
   -4.3990   -4.5990    0.0467
   -4.3990   -4.3990    0.0468
   -4.3990   -4.1990    0.0449
   -4.3990   -3.9990    0.0409
   -4.3990   -3.7990    0.0348
   -4.3990   -3.5990    0.0265
   -4.3990   -3.3990    0.0162
   -4.3990   -3.1990    0.0039
   -4.3990   -2.9990   -0.0102
   -4.3990   -2.7990   -0.0260
   -4.3990   -2.5990   -0.0430
   -4.3990   -2.3990   -0.0610
   -4.3990   -2.1990   -0.0796
   -4.3990   -1.9990   -0.0984
   -4.3990   -1.7990   -0.1171
   -4.3990   -1.5990   -0.1352
   -4.3990   -1.3990   -0.1523
   -4.3990   -1.1990   -0.1680
   -4.3990   -0.9990   -0.1820
   -4.3990   -0.7990   -0.1940
   -4.3990   -0.5990   -0.2036
   -4.3990   -0.3990   -0.2106
   -4.3990   -0.1990   -0.2148
   -4.3990    0.0010   -0.2163
   -4.3990    0.2010   -0.2148
   -4.3990    0.4010   -0.2105
   -4.3990    0.6010   -0.2035
   -4.3990    0.8010   -0.1939
   -4.3990    1.0010   -0.1819
   -4.3990    1.2010   -0.1679
   -4.3990    1.4010   -0.1521
   -4.3990    1.6010   -0.1350
   -4.3990    1.8010   -0.1169
   -4.3990    2.0010   -0.0982
   -4.3990    2.2010   -0.0794
   -4.3990    2.4010   -0.0608
   -4.3990    2.6010   -0.0428
   -4.3990    2.8010   -0.0258
   -4.3990    3.0010   -0.0101
   -4.3990    3.2010    0.0040
   -4.3990    3.4010    0.0163
   -4.3990    3.6010    0.0266
   -4.3990    3.8010    0.0349
   -4.3990    4.0010    0.0409
   -4.3990    4.2010    0.0449
   -4.3990    4.4010    0.0468
   -4.3990    4.6010    0.0467
   -4.3990    4.8010    0.0449
   -4.3990    5.0010    0.0415
   -4.1990   -4.9990    0.0398
   -4.1990   -4.7990    0.0431
   -4.1990   -4.5990    0.0448
   -4.1990   -4.3990    0.0449
   -4.1990   -4.1990    0.0430
   -4.1990   -3.9990    0.0392
   -4.1990   -3.7990    0.0334
   -4.1990   -3.5990    0.0255
   -4.1990   -3.3990    0.0155
   -4.1990   -3.1990    0.0037
   -4.1990   -2.9990   -0.0098
   -4.1990   -2.7990   -0.0249
   -4.1990   -2.5990   -0.0412
   -4.1990   -2.3990   -0.0585
   -4.1990   -2.1990   -0.0763
   -4.1990   -1.9990   -0.0944
   -4.1990   -1.7990   -0.1123
   -4.1990   -1.5990   -0.1297
   -4.1990   -1.3990   -0.1461
   -4.1990   -1.1990   -0.1612
   -4.1990   -0.9990   -0.1746
   -4.1990   -0.7990   -0.1861
   -4.1990   -0.5990   -0.1953
   -4.1990   -0.3990   -0.2020
   -4.1990   -0.1990   -0.2061
   -4.1990    0.0010   -0.2075
   -4.1990    0.2010   -0.2061
   -4.1990    0.4010   -0.2019
   -4.1990    0.6010   -0.1952
   -4.1990    0.8010   -0.1860
   -4.1990    1.0010   -0.1745
   -4.1990    1.2010   -0.1611
   -4.1990    1.4010   -0.1459
   -4.1990    1.6010   -0.1295
   -4.1990    1.8010   -0.1121
   -4.1990    2.0010   -0.0942
   -4.1990    2.2010   -0.0761
   -4.1990    2.4010   -0.0583
   -4.1990    2.6010   -0.0410
   -4.1990    2.8010   -0.0247
   -4.1990    3.0010   -0.0097
   -4.1990    3.2010    0.0038
   -4.1990    3.4010    0.0156
   -4.1990    3.6010    0.0255
   -4.1990    3.8010    0.0334
   -4.1990    4.0010    0.0393
   -4.1990    4.2010    0.0431
   -4.1990    4.4010    0.0449
   -4.1990    4.6010    0.0448
   -4.1990    4.8010    0.0430
   -4.1990    5.0010    0.0398
   -3.9990   -4.9990    0.0363
   -3.9990   -4.7990    0.0393
   -3.9990   -4.5990    0.0409
   -3.9990   -4.3990    0.0409
   -3.9990   -4.1990    0.0392
   -3.9990   -3.9990    0.0358
   -3.9990   -3.7990    0.0304
   -3.9990   -3.5990    0.0232
   -3.9990   -3.3990    0.0142
   -3.9990   -3.1990    0.0034
   -3.9990   -2.9990   -0.0090
   -3.9990   -2.7990   -0.0227
   -3.9990   -2.5990   -0.0376
   -3.9990   -2.3990   -0.0533
   -3.9990   -2.1990   -0.0696
   -3.9990   -1.9990   -0.0860
   -3.9990   -1.7990   -0.1024
   -3.9990   -1.5990   -0.1182
   -3.9990   -1.3990   -0.1332
   -3.9990   -1.1990   -0.1469
   -3.9990   -0.9990   -0.1592
   -3.9990   -0.7990   -0.1696
   -3.9990   -0.5990   -0.1780
   -3.9990   -0.3990   -0.1841
   -3.9990   -0.1990   -0.1878
   -3.9990    0.0010   -0.1891
   -3.9990    0.2010   -0.1878
   -3.9990    0.4010   -0.1841
   -3.9990    0.6010   -0.1779
   -3.9990    0.8010   -0.1695
   -3.9990    1.0010   -0.1591
   -3.9990    1.2010   -0.1468
   -3.9990    1.4010   -0.1330
   -3.9990    1.6010   -0.1181
   -3.9990    1.8010   -0.1022
   -3.9990    2.0010   -0.0859
   -3.9990    2.2010   -0.0694
   -3.9990    2.4010   -0.0531
   -3.9990    2.6010   -0.0374
   -3.9990    2.8010   -0.0226
   -3.9990    3.0010   -0.0088
   -3.9990    3.2010    0.0035
   -3.9990    3.4010    0.0143
   -3.9990    3.6010    0.0233
   -3.9990    3.8010    0.0305
   -3.9990    4.0010    0.0358
   -3.9990    4.2010    0.0393
   -3.9990    4.4010    0.0409
   -3.9990    4.6010    0.0408
   -3.9990    4.8010    0.0392
   -3.9990    5.0010    0.0362
   -3.7990   -4.9990    0.0309
   -3.7990   -4.7990    0.0334
   -3.7990   -4.5990    0.0348
   -3.7990   -4.3990    0.0348
   -3.7990   -4.1990    0.0334
   -3.7990   -3.9990    0.0304
   -3.7990   -3.7990    0.0259
   -3.7990   -3.5990    0.0197
   -3.7990   -3.3990    0.0120
   -3.7990   -3.1990    0.0029
   -3.7990   -2.9990   -0.0076
   -3.7990   -2.7990   -0.0193
   -3.7990   -2.5990   -0.0320
   -3.7990   -2.3990   -0.0453
   -3.7990   -2.1990   -0.0592
   -3.7990   -1.9990   -0.0732
   -3.7990   -1.7990   -0.0871
   -3.7990   -1.5990   -0.1006
   -3.7990   -1.3990   -0.1133
   -3.7990   -1.1990   -0.1250
   -3.7990   -0.9990   -0.1354
   -3.7990   -0.7990   -0.1443
   -3.7990   -0.5990   -0.1514
   -3.7990   -0.3990   -0.1566
   -3.7990   -0.1990   -0.1598
   -3.7990    0.0010   -0.1608
   -3.7990    0.2010   -0.1598
   -3.7990    0.4010   -0.1566
   -3.7990    0.6010   -0.1513
   -3.7990    0.8010   -0.1442
   -3.7990    1.0010   -0.1353
   -3.7990    1.2010   -0.1249
   -3.7990    1.4010   -0.1132
   -3.7990    1.6010   -0.1004
   -3.7990    1.8010   -0.0870
   -3.7990    2.0010   -0.0731
   -3.7990    2.2010   -0.0590
   -3.7990    2.4010   -0.0452
   -3.7990    2.6010   -0.0318
   -3.7990    2.8010   -0.0192
   -3.7990    3.0010   -0.0075
   -3.7990    3.2010    0.0030
   -3.7990    3.4010    0.0121
   -3.7990    3.6010    0.0198
   -3.7990    3.8010    0.0259
   -3.7990    4.0010    0.0305
   -3.7990    4.2010    0.0334
   -3.7990    4.4010    0.0348
   -3.7990    4.6010    0.0347
   -3.7990    4.8010    0.0334
   -3.7990    5.0010    0.0308
   -3.5990   -4.9990    0.0235
   -3.5990   -4.7990    0.0255
   -3.5990   -4.5990    0.0265
   -3.5990   -4.3990    0.0265
   -3.5990   -4.1990    0.0255
   -3.5990   -3.9990    0.0232
   -3.5990   -3.7990    0.0197
   -3.5990   -3.5990    0.0151
   -3.5990   -3.3990    0.0092
   -3.5990   -3.1990    0.0022
   -3.5990   -2.9990   -0.0058
   -3.5990   -2.7990   -0.0147
   -3.5990   -2.5990   -0.0244
   -3.5990   -2.3990   -0.0346
   -3.5990   -2.1990   -0.0451
   -3.5990   -1.9990   -0.0558
   -3.5990   -1.7990   -0.0664
   -3.5990   -1.5990   -0.0767
   -3.5990   -1.3990   -0.0864
   -3.5990   -1.1990   -0.0953
   -3.5990   -0.9990   -0.1033
   -3.5990   -0.7990   -0.1101
   -3.5990   -0.5990   -0.1155
   -3.5990   -0.3990   -0.1195
   -3.5990   -0.1990   -0.1219
   -3.5990    0.0010   -0.1227
   -3.5990    0.2010   -0.1219
   -3.5990    0.4010   -0.1194
   -3.5990    0.6010   -0.1155
   -3.5990    0.8010   -0.1100
   -3.5990    1.0010   -0.1032
   -3.5990    1.2010   -0.0953
   -3.5990    1.4010   -0.0863
   -3.5990    1.6010   -0.0766
   -3.5990    1.8010   -0.0663
   -3.5990    2.0010   -0.0557
   -3.5990    2.2010   -0.0450
   -3.5990    2.4010   -0.0345
   -3.5990    2.6010   -0.0243
   -3.5990    2.8010   -0.0146
   -3.5990    3.0010   -0.0057
   -3.5990    3.2010    0.0023
   -3.5990    3.4010    0.0093
   -3.5990    3.6010    0.0151
   -3.5990    3.8010    0.0198
   -3.5990    4.0010    0.0232
   -3.5990    4.2010    0.0255
   -3.5990    4.4010    0.0265
   -3.5990    4.6010    0.0265
   -3.5990    4.8010    0.0255
   -3.5990    5.0010    0.0235
   -3.3990   -4.9990    0.0144
   -3.3990   -4.7990    0.0155
   -3.3990   -4.5990    0.0162
   -3.3990   -4.3990    0.0162
   -3.3990   -4.1990    0.0155
   -3.3990   -3.9990    0.0142
   -3.3990   -3.7990    0.0120
   -3.3990   -3.5990    0.0092
   -3.3990   -3.3990    0.0056
   -3.3990   -3.1990    0.0013
   -3.3990   -2.9990   -0.0035
   -3.3990   -2.7990   -0.0090
   -3.3990   -2.5990   -0.0149
   -3.3990   -2.3990   -0.0211
   -3.3990   -2.1990   -0.0276
   -3.3990   -1.9990   -0.0341
   -3.3990   -1.7990   -0.0406
   -3.3990   -1.5990   -0.0468
   -3.3990   -1.3990   -0.0527
   -3.3990   -1.1990   -0.0582
   -3.3990   -0.9990   -0.0630
   -3.3990   -0.7990   -0.0672
   -3.3990   -0.5990   -0.0705
   -3.3990   -0.3990   -0.0729
   -3.3990   -0.1990   -0.0744
   -3.3990    0.0010   -0.0749
   -3.3990    0.2010   -0.0744
   -3.3990    0.4010   -0.0729
   -3.3990    0.6010   -0.0705
   -3.3990    0.8010   -0.0671
   -3.3990    1.0010   -0.0630
   -3.3990    1.2010   -0.0581
   -3.3990    1.4010   -0.0527
   -3.3990    1.6010   -0.0468
   -3.3990    1.8010   -0.0405
   -3.3990    2.0010   -0.0340
   -3.3990    2.2010   -0.0275
   -3.3990    2.4010   -0.0210
   -3.3990    2.6010   -0.0148
   -3.3990    2.8010   -0.0089
   -3.3990    3.0010   -0.0035
   -3.3990    3.2010    0.0014
   -3.3990    3.4010    0.0056
   -3.3990    3.6010    0.0092
   -3.3990    3.8010    0.0121
   -3.3990    4.0010    0.0142
   -3.3990    4.2010    0.0155
   -3.3990    4.4010    0.0162
   -3.3990    4.6010    0.0162
   -3.3990    4.8010    0.0155
   -3.3990    5.0010    0.0144
   -3.1990   -4.9990    0.0034
   -3.1990   -4.7990    0.0037
   -3.1990   -4.5990    0.0039
   -3.1990   -4.3990    0.0039
   -3.1990   -4.1990    0.0037
   -3.1990   -3.9990    0.0034
   -3.1990   -3.7990    0.0029
   -3.1990   -3.5990    0.0022
   -3.1990   -3.3990    0.0013
   -3.1990   -3.1990    0.0003
   -3.1990   -2.9990   -0.0008
   -3.1990   -2.7990   -0.0022
   -3.1990   -2.5990   -0.0036
   -3.1990   -2.3990   -0.0051
   -3.1990   -2.1990   -0.0066
   -3.1990   -1.9990   -0.0082
   -3.1990   -1.7990   -0.0097
   -3.1990   -1.5990   -0.0112
   -3.1990   -1.3990   -0.0126
   -3.1990   -1.1990   -0.0139
   -3.1990   -0.9990   -0.0151
   -3.1990   -0.7990   -0.0161
   -3.1990   -0.5990   -0.0169
   -3.1990   -0.3990   -0.0175
   -3.1990   -0.1990   -0.0178
   -3.1990    0.0010   -0.0179
   -3.1990    0.2010   -0.0178
   -3.1990    0.4010   -0.0175
   -3.1990    0.6010   -0.0169
   -3.1990    0.8010   -0.0161
   -3.1990    1.0010   -0.0151
   -3.1990    1.2010   -0.0139
   -3.1990    1.4010   -0.0126
   -3.1990    1.6010   -0.0112
   -3.1990    1.8010   -0.0097
   -3.1990    2.0010   -0.0081
   -3.1990    2.2010   -0.0066
   -3.1990    2.4010   -0.0050
   -3.1990    2.6010   -0.0035
   -3.1990    2.8010   -0.0021
   -3.1990    3.0010   -0.0008
   -3.1990    3.2010    0.0003
   -3.1990    3.4010    0.0014
   -3.1990    3.6010    0.0022
   -3.1990    3.8010    0.0029
   -3.1990    4.0010    0.0034
   -3.1990    4.2010    0.0037
   -3.1990    4.4010    0.0039
   -3.1990    4.6010    0.0039
   -3.1990    4.8010    0.0037
   -3.1990    5.0010    0.0034
   -2.9990   -4.9990   -0.0091
   -2.9990   -4.7990   -0.0098
   -2.9990   -4.5990   -0.0102
   -2.9990   -4.3990   -0.0102
   -2.9990   -4.1990   -0.0098
   -2.9990   -3.9990   -0.0090
   -2.9990   -3.7990   -0.0076
   -2.9990   -3.5990   -0.0058
   -2.9990   -3.3990   -0.0035
   -2.9990   -3.1990   -0.0008
   -2.9990   -2.9990    0.0022
   -2.9990   -2.7990    0.0057
   -2.9990   -2.5990    0.0094
   -2.9990   -2.3990    0.0134
   -2.9990   -2.1990    0.0174
   -2.9990   -1.9990    0.0216
   -2.9990   -1.7990    0.0257
   -2.9990   -1.5990    0.0296
   -2.9990   -1.3990    0.0334
   -2.9990   -1.1990    0.0368
   -2.9990   -0.9990    0.0399
   -2.9990   -0.7990    0.0425
   -2.9990   -0.5990    0.0446
   -2.9990   -0.3990    0.0461
   -2.9990   -0.1990    0.0471
   -2.9990    0.0010    0.0474
   -2.9990    0.2010    0.0471
   -2.9990    0.4010    0.0461
   -2.9990    0.6010    0.0446
   -2.9990    0.8010    0.0425
   -2.9990    1.0010    0.0399
   -2.9990    1.2010    0.0368
   -2.9990    1.4010    0.0333
   -2.9990    1.6010    0.0296
   -2.9990    1.8010    0.0256
   -2.9990    2.0010    0.0215
   -2.9990    2.2010    0.0174
   -2.9990    2.4010    0.0133
   -2.9990    2.6010    0.0094
   -2.9990    2.8010    0.0057
   -2.9990    3.0010    0.0022
   -2.9990    3.2010   -0.0009
   -2.9990    3.4010   -0.0036
   -2.9990    3.6010   -0.0058
   -2.9990    3.8010   -0.0076
   -2.9990    4.0010   -0.0090
   -2.9990    4.2010   -0.0098
   -2.9990    4.4010   -0.0102
   -2.9990    4.6010   -0.0102
   -2.9990    4.8010   -0.0098
   -2.9990    5.0010   -0.0091
   -2.7990   -4.9990   -0.0230
   -2.7990   -4.7990   -0.0249
   -2.7990   -4.5990   -0.0259
   -2.7990   -4.3990   -0.0260
   -2.7990   -4.1990   -0.0249
   -2.7990   -3.9990   -0.0227
   -2.7990   -3.7990   -0.0193
   -2.7990   -3.5990   -0.0147
   -2.7990   -3.3990   -0.0090
   -2.7990   -3.1990   -0.0022
   -2.7990   -2.9990    0.0057
   -2.7990   -2.7990    0.0144
   -2.7990   -2.5990    0.0238
   -2.7990   -2.3990    0.0338
   -2.7990   -2.1990    0.0442
   -2.7990   -1.9990    0.0546
   -2.7990   -1.7990    0.0650
   -2.7990   -1.5990    0.0750
   -2.7990   -1.3990    0.0845
   -2.7990   -1.1990    0.0933
   -2.7990   -0.9990    0.1010
   -2.7990   -0.7990    0.1076
   -2.7990   -0.5990    0.1130
   -2.7990   -0.3990    0.1169
   -2.7990   -0.1990    0.1192
   -2.7990    0.0010    0.1200
   -2.7990    0.2010    0.1192
   -2.7990    0.4010    0.1168
   -2.7990    0.6010    0.1129
   -2.7990    0.8010    0.1076
   -2.7990    1.0010    0.1010
   -2.7990    1.2010    0.0932
   -2.7990    1.4010    0.0844
   -2.7990    1.6010    0.0749
   -2.7990    1.8010    0.0649
   -2.7990    2.0010    0.0545
   -2.7990    2.2010    0.0441
   -2.7990    2.4010    0.0337
   -2.7990    2.6010    0.0237
   -2.7990    2.8010    0.0143
   -2.7990    3.0010    0.0056
   -2.7990    3.2010   -0.0022
   -2.7990    3.4010   -0.0091
   -2.7990    3.6010   -0.0148
   -2.7990    3.8010   -0.0193
   -2.7990    4.0010   -0.0227
   -2.7990    4.2010   -0.0249
   -2.7990    4.4010   -0.0260
   -2.7990    4.6010   -0.0259
   -2.7990    4.8010   -0.0249
   -2.7990    5.0010   -0.0230
   -2.5990   -4.9990   -0.0381
   -2.5990   -4.7990   -0.0412
   -2.5990   -4.5990   -0.0429
   -2.5990   -4.3990   -0.0430
   -2.5990   -4.1990   -0.0412
   -2.5990   -3.9990   -0.0376
   -2.5990   -3.7990   -0.0320
   -2.5990   -3.5990   -0.0244
   -2.5990   -3.3990   -0.0149
   -2.5990   -3.1990   -0.0036
   -2.5990   -2.9990    0.0094
   -2.5990   -2.7990    0.0238
   -2.5990   -2.5990    0.0395
   -2.5990   -2.3990    0.0560
   -2.5990   -2.1990    0.0731
   -2.5990   -1.9990    0.0904
   -2.5990   -1.7990    0.1076
   -2.5990   -1.5990    0.1242
   -2.5990   -1.3990    0.1399
   -2.5990   -1.1990    0.1544
   -2.5990   -0.9990    0.1672
   -2.5990   -0.7990    0.1782
   -2.5990   -0.5990    0.1870
   -2.5990   -0.3990    0.1934
   -2.5990   -0.1990    0.1974
   -2.5990    0.0010    0.1987
   -2.5990    0.2010    0.1973
   -2.5990    0.4010    0.1934
   -2.5990    0.6010    0.1869
   -2.5990    0.8010    0.1781
   -2.5990    1.0010    0.1671
   -2.5990    1.2010    0.1542
   -2.5990    1.4010    0.1398
   -2.5990    1.6010    0.1240
   -2.5990    1.8010    0.1074
   -2.5990    2.0010    0.0902
   -2.5990    2.2010    0.0729
   -2.5990    2.4010    0.0558
   -2.5990    2.6010    0.0393
   -2.5990    2.8010    0.0237
   -2.5990    3.0010    0.0093
   -2.5990    3.2010   -0.0037
   -2.5990    3.4010   -0.0150
   -2.5990    3.6010   -0.0245
   -2.5990    3.8010   -0.0320
   -2.5990    4.0010   -0.0376
   -2.5990    4.2010   -0.0412
   -2.5990    4.4010   -0.0430
   -2.5990    4.6010   -0.0429
   -2.5990    4.8010   -0.0412
   -2.5990    5.0010   -0.0381
   -2.3990   -4.9990   -0.0541
   -2.3990   -4.7990   -0.0585
   -2.3990   -4.5990   -0.0609
   -2.3990   -4.3990   -0.0610
   -2.3990   -4.1990   -0.0585
   -2.3990   -3.9990   -0.0533
   -2.3990   -3.7990   -0.0453
   -2.3990   -3.5990   -0.0346
   -2.3990   -3.3990   -0.0211
   -2.3990   -3.1990   -0.0051
   -2.3990   -2.9990    0.0134
   -2.3990   -2.7990    0.0338
   -2.3990   -2.5990    0.0560
   -2.3990   -2.3990    0.0794
   -2.3990   -2.1990    0.1037
   -2.3990   -1.9990    0.1283
   -2.3990   -1.7990    0.1526
   -2.3990   -1.5990    0.1762
   -2.3990   -1.3990    0.1985
   -2.3990   -1.1990    0.2190
   -2.3990   -0.9990    0.2373
   -2.3990   -0.7990    0.2528
   -2.3990   -0.5990    0.2653
   -2.3990   -0.3990    0.2744
   -2.3990   -0.1990    0.2800
   -2.3990    0.0010    0.2819
   -2.3990    0.2010    0.2800
   -2.3990    0.4010    0.2744
   -2.3990    0.6010    0.2652
   -2.3990    0.8010    0.2527
   -2.3990    1.0010    0.2371
   -2.3990    1.2010    0.2188
   -2.3990    1.4010    0.1983
   -2.3990    1.6010    0.1760
   -2.3990    1.8010    0.1524
   -2.3990    2.0010    0.1280
   -2.3990    2.2010    0.1035
   -2.3990    2.4010    0.0792
   -2.3990    2.6010    0.0558
   -2.3990    2.8010    0.0336
   -2.3990    3.0010    0.0132
   -2.3990    3.2010   -0.0052
   -2.3990    3.4010   -0.0213
   -2.3990    3.6010   -0.0347
   -2.3990    3.8010   -0.0454
   -2.3990    4.0010   -0.0534
   -2.3990    4.2010   -0.0585
   -2.3990    4.4010   -0.0610
   -2.3990    4.6010   -0.0609
   -2.3990    4.8010   -0.0585
   -2.3990    5.0010   -0.0540
   -2.1990   -4.9990   -0.0706
   -2.1990   -4.7990   -0.0764
   -2.1990   -4.5990   -0.0795
   -2.1990   -4.3990   -0.0796
   -2.1990   -4.1990   -0.0763
   -2.1990   -3.9990   -0.0696
   -2.1990   -3.7990   -0.0592
   -2.1990   -3.5990   -0.0451
   -2.1990   -3.3990   -0.0276
   -2.1990   -3.1990   -0.0066
   -2.1990   -2.9990    0.0174
   -2.1990   -2.7990    0.0442
   -2.1990   -2.5990    0.0731
   -2.1990   -2.3990    0.1037
   -2.1990   -2.1990    0.1354
   -2.1990   -1.9990    0.1674
   -2.1990   -1.7990    0.1992
   -2.1990   -1.5990    0.2300
   -2.1990   -1.3990    0.2591
   -2.1990   -1.1990    0.2859
   -2.1990   -0.9990    0.3097
   -2.1990   -0.7990    0.3300
   -2.1990   -0.5990    0.3463
   -2.1990   -0.3990    0.3582
   -2.1990   -0.1990    0.3655
   -2.1990    0.0010    0.3679
   -2.1990    0.2010    0.3655
   -2.1990    0.4010    0.3582
   -2.1990    0.6010    0.3462
   -2.1990    0.8010    0.3298
   -2.1990    1.0010    0.3095
   -2.1990    1.2010    0.2856
   -2.1990    1.4010    0.2588
   -2.1990    1.6010    0.2297
   -2.1990    1.8010    0.1989
   -2.1990    2.0010    0.1671
   -2.1990    2.2010    0.1351
   -2.1990    2.4010    0.1034
   -2.1990    2.6010    0.0728
   -2.1990    2.8010    0.0439
   -2.1990    3.0010    0.0172
   -2.1990    3.2010   -0.0068
   -2.1990    3.4010   -0.0277
   -2.1990    3.6010   -0.0453
   -2.1990    3.8010   -0.0593
   -2.1990    4.0010   -0.0697
   -2.1990    4.2010   -0.0764
   -2.1990    4.4010   -0.0796
   -2.1990    4.6010   -0.0795
   -2.1990    4.8010   -0.0763
   -2.1990    5.0010   -0.0705
   -1.9990   -4.9990   -0.0873
   -1.9990   -4.7990   -0.0945
   -1.9990   -4.5990   -0.0983
   -1.9990   -4.3990   -0.0984
   -1.9990   -4.1990   -0.0944
   -1.9990   -3.9990   -0.0860
   -1.9990   -3.7990   -0.0732
   -1.9990   -3.5990   -0.0558
   -1.9990   -3.3990   -0.0341
   -1.9990   -3.1990   -0.0082
   -1.9990   -2.9990    0.0216
   -1.9990   -2.7990    0.0546
   -1.9990   -2.5990    0.0904
   -1.9990   -2.3990    0.1283
   -1.9990   -2.1990    0.1674
   -1.9990   -1.9990    0.2071
   -1.9990   -1.7990    0.2464
   -1.9990   -1.5990    0.2845
   -1.9990   -1.3990    0.3205
   -1.9990   -1.1990    0.3536
   -1.9990   -0.9990    0.3831
   -1.9990   -0.7990    0.4082
   -1.9990   -0.5990    0.4284
   -1.9990   -0.3990    0.4431
   -1.9990   -0.1990    0.4521
   -1.9990    0.0010    0.4551
   -1.9990    0.2010    0.4520
   -1.9990    0.4010    0.4430
   -1.9990    0.6010    0.4282
   -1.9990    0.8010    0.4080
   -1.9990    1.0010    0.3828
   -1.9990    1.2010    0.3533
   -1.9990    1.4010    0.3202
   -1.9990    1.6010    0.2841
   -1.9990    1.8010    0.2460
   -1.9990    2.0010    0.2067
   -1.9990    2.2010    0.1670
   -1.9990    2.4010    0.1279
   -1.9990    2.6010    0.0900
   -1.9990    2.8010    0.0543
   -1.9990    3.0010    0.0212
   -1.9990    3.2010   -0.0084
   -1.9990    3.4010   -0.0343
   -1.9990    3.6010   -0.0560
   -1.9990    3.8010   -0.0734
   -1.9990    4.0010   -0.0862
   -1.9990    4.2010   -0.0945
   -1.9990    4.4010   -0.0984
   -1.9990    4.6010   -0.0983
   -1.9990    4.8010   -0.0944
   -1.9990    5.0010   -0.0872
   -1.7990   -4.9990   -0.1039
   -1.7990   -4.7990   -0.1124
   -1.7990   -4.5990   -0.1170
   -1.7990   -4.3990   -0.1171
   -1.7990   -4.1990   -0.1123
   -1.7990   -3.9990   -0.1024
   -1.7990   -3.7990   -0.0871
   -1.7990   -3.5990   -0.0664
   -1.7990   -3.3990   -0.0406
   -1.7990   -3.1990   -0.0097
   -1.7990   -2.9990    0.0257
   -1.7990   -2.7990    0.0650
   -1.7990   -2.5990    0.1076
   -1.7990   -2.3990    0.1526
   -1.7990   -2.1990    0.1992
   -1.7990   -1.9990    0.2464
   -1.7990   -1.7990    0.2932
   -1.7990   -1.5990    0.3385
   -1.7990   -1.3990    0.3813
   -1.7990   -1.1990    0.4207
   -1.7990   -0.9990    0.4558
   -1.7990   -0.7990    0.4857
   -1.7990   -0.5990    0.5097
   -1.7990   -0.3990    0.5272
   -1.7990   -0.1990    0.5379
   -1.7990    0.0010    0.5415
   -1.7990    0.2010    0.5378
   -1.7990    0.4010    0.5271
   -1.7990    0.6010    0.5094
   -1.7990    0.8010    0.4854
   -1.7990    1.0010    0.4555
   -1.7990    1.2010    0.4204
   -1.7990    1.4010    0.3809
   -1.7990    1.6010    0.3380
   -1.7990    1.8010    0.2927
   -1.7990    2.0010    0.2459
   -1.7990    2.2010    0.1987
   -1.7990    2.4010    0.1522
   -1.7990    2.6010    0.1071
   -1.7990    2.8010    0.0646
   -1.7990    3.0010    0.0253
   -1.7990    3.2010   -0.0100
   -1.7990    3.4010   -0.0408
   -1.7990    3.6010   -0.0667
   -1.7990    3.8010   -0.0873
   -1.7990    4.0010   -0.1025
   -1.7990    4.2010   -0.1124
   -1.7990    4.4010   -0.1171
   -1.7990    4.6010   -0.1170
   -1.7990    4.8010   -0.1123
   -1.7990    5.0010   -0.1038
   -1.5990   -4.9990   -0.1200
   -1.5990   -4.7990   -0.1298
   -1.5990   -4.5990   -0.1351
   -1.5990   -4.3990   -0.1352
   -1.5990   -4.1990   -0.1297
   -1.5990   -3.9990   -0.1182
   -1.5990   -3.7990   -0.1006
   -1.5990   -3.5990   -0.0767
   -1.5990   -3.3990   -0.0468
   -1.5990   -3.1990   -0.0112
   -1.5990   -2.9990    0.0296
   -1.5990   -2.7990    0.0750
   -1.5990   -2.5990    0.1242
   -1.5990   -2.3990    0.1762
   -1.5990   -2.1990    0.2300
   -1.5990   -1.9990    0.2845
   -1.5990   -1.7990    0.3385
   -1.5990   -1.5990    0.3908
   -1.5990   -1.3990    0.4403
   -1.5990   -1.1990    0.4858
   -1.5990   -0.9990    0.5262
   -1.5990   -0.7990    0.5607
   -1.5990   -0.5990    0.5884
   -1.5990   -0.3990    0.6087
   -1.5990   -0.1990    0.6210
   -1.5990    0.0010    0.6251
   -1.5990    0.2010    0.6209
   -1.5990    0.4010    0.6085
   -1.5990    0.6010    0.5882
   -1.5990    0.8010    0.5604
   -1.5990    1.0010    0.5259
   -1.5990    1.2010    0.4853
   -1.5990    1.4010    0.4398
   -1.5990    1.6010    0.3903
   -1.5990    1.8010    0.3380
   -1.5990    2.0010    0.2839
   -1.5990    2.2010    0.2295
   -1.5990    2.4010    0.1757
   -1.5990    2.6010    0.1237
   -1.5990    2.8010    0.0746
   -1.5990    3.0010    0.0292
   -1.5990    3.2010   -0.0116
   -1.5990    3.4010   -0.0471
   -1.5990    3.6010   -0.0770
   -1.5990    3.8010   -0.1008
   -1.5990    4.0010   -0.1183
   -1.5990    4.2010   -0.1298
   -1.5990    4.4010   -0.1352
   -1.5990    4.6010   -0.1350
   -1.5990    4.8010   -0.1297
   -1.5990    5.0010   -0.1198
   -1.3990   -4.9990   -0.1351
   -1.3990   -4.7990   -0.1462
   -1.3990   -4.5990   -0.1522
   -1.3990   -4.3990   -0.1523
   -1.3990   -4.1990   -0.1461
   -1.3990   -3.9990   -0.1332
   -1.3990   -3.7990   -0.1133
   -1.3990   -3.5990   -0.0864
   -1.3990   -3.3990   -0.0527
   -1.3990   -3.1990   -0.0126
   -1.3990   -2.9990    0.0334
   -1.3990   -2.7990    0.0845
   -1.3990   -2.5990    0.1399
   -1.3990   -2.3990    0.1985
   -1.3990   -2.1990    0.2591
   -1.3990   -1.9990    0.3205
   -1.3990   -1.7990    0.3813
   -1.3990   -1.5990    0.4403
   -1.3990   -1.3990    0.4960
   -1.3990   -1.1990    0.5473
   -1.3990   -0.9990    0.5928
   -1.3990   -0.7990    0.6317
   -1.3990   -0.5990    0.6629
   -1.3990   -0.3990    0.6857
   -1.3990   -0.1990    0.6996
   -1.3990    0.0010    0.7043
   -1.3990    0.2010    0.6995
   -1.3990    0.4010    0.6856
   -1.3990    0.6010    0.6626
   -1.3990    0.8010    0.6313
   -1.3990    1.0010    0.5924
   -1.3990    1.2010    0.5468
   -1.3990    1.4010    0.4955
   -1.3990    1.6010    0.4397
   -1.3990    1.8010    0.3807
   -1.3990    2.0010    0.3199
   -1.3990    2.2010    0.2585
   -1.3990    2.4010    0.1979
   -1.3990    2.6010    0.1394
   -1.3990    2.8010    0.0840
   -1.3990    3.0010    0.0329
   -1.3990    3.2010   -0.0131
   -1.3990    3.4010   -0.0531
   -1.3990    3.6010   -0.0867
   -1.3990    3.8010   -0.1135
   -1.3990    4.0010   -0.1333
   -1.3990    4.2010   -0.1462
   -1.3990    4.4010   -0.1523
   -1.3990    4.6010   -0.1521
   -1.3990    4.8010   -0.1461
   -1.3990    5.0010   -0.1350
   -1.1990   -4.9990   -0.1491
   -1.1990   -4.7990   -0.1613
   -1.1990   -4.5990   -0.1679
   -1.1990   -4.3990   -0.1680
   -1.1990   -4.1990   -0.1612
   -1.1990   -3.9990   -0.1469
   -1.1990   -3.7990   -0.1250
   -1.1990   -3.5990   -0.0953
   -1.1990   -3.3990   -0.0582
   -1.1990   -3.1990   -0.0139
   -1.1990   -2.9990    0.0368
   -1.1990   -2.7990    0.0933
   -1.1990   -2.5990    0.1544
   -1.1990   -2.3990    0.2190
   -1.1990   -2.1990    0.2859
   -1.1990   -1.9990    0.3536
   -1.1990   -1.7990    0.4207
   -1.1990   -1.5990    0.4858
   -1.1990   -1.3990    0.5473
   -1.1990   -1.1990    0.6038
   -1.1990   -0.9990    0.6541
   -1.1990   -0.7990    0.6970
   -1.1990   -0.5990    0.7314
   -1.1990   -0.3990    0.7566
   -1.1990   -0.1990    0.7719
   -1.1990    0.0010    0.7770
   -1.1990    0.2010    0.7718
   -1.1990    0.4010    0.7564
   -1.1990    0.6010    0.7311
   -1.1990    0.8010    0.6966
   -1.1990    1.0010    0.6536
   -1.1990    1.2010    0.6033
   -1.1990    1.4010    0.5467
   -1.1990    1.6010    0.4851
   -1.1990    1.8010    0.4201
   -1.1990    2.0010    0.3529
   -1.1990    2.2010    0.2852
   -1.1990    2.4010    0.2184
   -1.1990    2.6010    0.1537
   -1.1990    2.8010    0.0927
   -1.1990    3.0010    0.0363
   -1.1990    3.2010   -0.0144
   -1.1990    3.4010   -0.0586
   -1.1990    3.6010   -0.0957
   -1.1990    3.8010   -0.1252
   -1.1990    4.0010   -0.1471
   -1.1990    4.2010   -0.1613
   -1.1990    4.4010   -0.1681
   -1.1990    4.6010   -0.1678
   -1.1990    4.8010   -0.1612
   -1.1990    5.0010   -0.1490
   -0.9990   -4.9990   -0.1615
   -0.9990   -4.7990   -0.1747
   -0.9990   -4.5990   -0.1819
   -0.9990   -4.3990   -0.1820
   -0.9990   -4.1990   -0.1746
   -0.9990   -3.9990   -0.1592
   -0.9990   -3.7990   -0.1354
   -0.9990   -3.5990   -0.1033
   -0.9990   -3.3990   -0.0630
   -0.9990   -3.1990   -0.0151
   -0.9990   -2.9990    0.0399
   -0.9990   -2.7990    0.1010
   -0.9990   -2.5990    0.1672
   -0.9990   -2.3990    0.2373
   -0.9990   -2.1990    0.3097
   -0.9990   -1.9990    0.3831
   -0.9990   -1.7990    0.4558
   -0.9990   -1.5990    0.5262
   -0.9990   -1.3990    0.5928
   -0.9990   -1.1990    0.6541
   -0.9990   -0.9990    0.7086
   -0.9990   -0.7990    0.7550
   -0.9990   -0.5990    0.7923
   -0.9990   -0.3990    0.8196
   -0.9990   -0.1990    0.8362
   -0.9990    0.0010    0.8418
   -0.9990    0.2010    0.8361
   -0.9990    0.4010    0.8194
   -0.9990    0.6010    0.7920
   -0.9990    0.8010    0.7546
   -0.9990    1.0010    0.7081
   -0.9990    1.2010    0.6535
   -0.9990    1.4010    0.5922
   -0.9990    1.6010    0.5255
   -0.9990    1.8010    0.4551
   -0.9990    2.0010    0.3823
   -0.9990    2.2010    0.3090
   -0.9990    2.4010    0.2366
   -0.9990    2.6010    0.1666
   -0.9990    2.8010    0.1004
   -0.9990    3.0010    0.0393
   -0.9990    3.2010   -0.0156
   -0.9990    3.4010   -0.0635
   -0.9990    3.6010   -0.1037
   -0.9990    3.8010   -0.1357
   -0.9990    4.0010   -0.1594
   -0.9990    4.2010   -0.1747
   -0.9990    4.4010   -0.1821
   -0.9990    4.6010   -0.1818
   -0.9990    4.8010   -0.1746
   -0.9990    5.0010   -0.1614
   -0.7990   -4.9990   -0.1721
   -0.7990   -4.7990   -0.1862
   -0.7990   -4.5990   -0.1938
   -0.7990   -4.3990   -0.1940
   -0.7990   -4.1990   -0.1861
   -0.7990   -3.9990   -0.1696
   -0.7990   -3.7990   -0.1443
   -0.7990   -3.5990   -0.1101
   -0.7990   -3.3990   -0.0672
   -0.7990   -3.1990   -0.0161
   -0.7990   -2.9990    0.0425
   -0.7990   -2.7990    0.1076
   -0.7990   -2.5990    0.1782
   -0.7990   -2.3990    0.2528
   -0.7990   -2.1990    0.3300
   -0.7990   -1.9990    0.4082
   -0.7990   -1.7990    0.4857
   -0.7990   -1.5990    0.5607
   -0.7990   -1.3990    0.6317
   -0.7990   -1.1990    0.6970
   -0.7990   -0.9990    0.7550
   -0.7990   -0.7990    0.8045
   -0.7990   -0.5990    0.8443
   -0.7990   -0.3990    0.8733
   -0.7990   -0.1990    0.8910
   -0.7990    0.0010    0.8969
   -0.7990    0.2010    0.8909
   -0.7990    0.4010    0.8731
   -0.7990    0.6010    0.8439
   -0.7990    0.8010    0.8041
   -0.7990    1.0010    0.7545
   -0.7990    1.2010    0.6963
   -0.7990    1.4010    0.6310
   -0.7990    1.6010    0.5600
   -0.7990    1.8010    0.4849
   -0.7990    2.0010    0.4074
   -0.7990    2.2010    0.3292
   -0.7990    2.4010    0.2521
   -0.7990    2.6010    0.1775
   -0.7990    2.8010    0.1070
   -0.7990    3.0010    0.0419
   -0.7990    3.2010   -0.0166
   -0.7990    3.4010   -0.0676
   -0.7990    3.6010   -0.1104
   -0.7990    3.8010   -0.1446
   -0.7990    4.0010   -0.1698
   -0.7990    4.2010   -0.1862
   -0.7990    4.4010   -0.1940
   -0.7990    4.6010   -0.1937
   -0.7990    4.8010   -0.1861
   -0.7990    5.0010   -0.1719
   -0.5990   -4.9990   -0.1806
   -0.5990   -4.7990   -0.1954
   -0.5990   -4.5990   -0.2034
   -0.5990   -4.3990   -0.2036
   -0.5990   -4.1990   -0.1953
   -0.5990   -3.9990   -0.1780
   -0.5990   -3.7990   -0.1514
   -0.5990   -3.5990   -0.1155
   -0.5990   -3.3990   -0.0705
   -0.5990   -3.1990   -0.0169
   -0.5990   -2.9990    0.0446
   -0.5990   -2.7990    0.1130
   -0.5990   -2.5990    0.1870
   -0.5990   -2.3990    0.2653
   -0.5990   -2.1990    0.3463
   -0.5990   -1.9990    0.4284
   -0.5990   -1.7990    0.5097
   -0.5990   -1.5990    0.5884
   -0.5990   -1.3990    0.6629
   -0.5990   -1.1990    0.7314
   -0.5990   -0.9990    0.7923
   -0.5990   -0.7990    0.8443
   -0.5990   -0.5990    0.8860
   -0.5990   -0.3990    0.9165
   -0.5990   -0.1990    0.9351
   -0.5990    0.0010    0.9413
   -0.5990    0.2010    0.9349
   -0.5990    0.4010    0.9162
   -0.5990    0.6010    0.8856
   -0.5990    0.8010    0.8438
   -0.5990    1.0010    0.7918
   -0.5990    1.2010    0.7308
   -0.5990    1.4010    0.6622
   -0.5990    1.6010    0.5877
   -0.5990    1.8010    0.5088
   -0.5990    2.0010    0.4275
   -0.5990    2.2010    0.3455
   -0.5990    2.4010    0.2645
   -0.5990    2.6010    0.1862
   -0.5990    2.8010    0.1123
   -0.5990    3.0010    0.0440
   -0.5990    3.2010   -0.0175
   -0.5990    3.4010   -0.0710
   -0.5990    3.6010   -0.1159
   -0.5990    3.8010   -0.1517
   -0.5990    4.0010   -0.1782
   -0.5990    4.2010   -0.1954
   -0.5990    4.4010   -0.2036
   -0.5990    4.6010   -0.2033
   -0.5990    4.8010   -0.1953
   -0.5990    5.0010   -0.1804
   -0.3990   -4.9990   -0.1868
   -0.3990   -4.7990   -0.2021
   -0.3990   -4.5990   -0.2104
   -0.3990   -4.3990   -0.2106
   -0.3990   -4.1990   -0.2020
   -0.3990   -3.9990   -0.1841
   -0.3990   -3.7990   -0.1566
   -0.3990   -3.5990   -0.1195
   -0.3990   -3.3990   -0.0729
   -0.3990   -3.1990   -0.0175
   -0.3990   -2.9990    0.0461
   -0.3990   -2.7990    0.1169
   -0.3990   -2.5990    0.1934
   -0.3990   -2.3990    0.2744
   -0.3990   -2.1990    0.3582
   -0.3990   -1.9990    0.4431
   -0.3990   -1.7990    0.5272
   -0.3990   -1.5990    0.6087
   -0.3990   -1.3990    0.6857
   -0.3990   -1.1990    0.7566
   -0.3990   -0.9990    0.8196
   -0.3990   -0.7990    0.8733
   -0.3990   -0.5990    0.9165
   -0.3990   -0.3990    0.9480
   -0.3990   -0.1990    0.9673
   -0.3990    0.0010    0.9737
   -0.3990    0.2010    0.9671
   -0.3990    0.4010    0.9478
   -0.3990    0.6010    0.9161
   -0.3990    0.8010    0.8728
   -0.3990    1.0010    0.8190
   -0.3990    1.2010    0.7559
   -0.3990    1.4010    0.6850
   -0.3990    1.6010    0.6079
   -0.3990    1.8010    0.5264
   -0.3990    2.0010    0.4423
   -0.3990    2.2010    0.3574
   -0.3990    2.4010    0.2736
   -0.3990    2.6010    0.1927
   -0.3990    2.8010    0.1161
   -0.3990    3.0010    0.0455
   -0.3990    3.2010   -0.0181
   -0.3990    3.4010   -0.0734
   -0.3990    3.6010   -0.1199
   -0.3990    3.8010   -0.1569
   -0.3990    4.0010   -0.1843
   -0.3990    4.2010   -0.2021
   -0.3990    4.4010   -0.2106
   -0.3990    4.6010   -0.2103
   -0.3990    4.8010   -0.2020
   -0.3990    5.0010   -0.1866
   -0.1990   -4.9990   -0.1906
   -0.1990   -4.7990   -0.2062
   -0.1990   -4.5990   -0.2146
   -0.1990   -4.3990   -0.2148
   -0.1990   -4.1990   -0.2061
   -0.1990   -3.9990   -0.1878
   -0.1990   -3.7990   -0.1598
   -0.1990   -3.5990   -0.1219
   -0.1990   -3.3990   -0.0744
   -0.1990   -3.1990   -0.0178
   -0.1990   -2.9990    0.0471
   -0.1990   -2.7990    0.1192
   -0.1990   -2.5990    0.1974
   -0.1990   -2.3990    0.2800
   -0.1990   -2.1990    0.3655
   -0.1990   -1.9990    0.4521
   -0.1990   -1.7990    0.5379
   -0.1990   -1.5990    0.6210
   -0.1990   -1.3990    0.6996
   -0.1990   -1.1990    0.7719
   -0.1990   -0.9990    0.8362
   -0.1990   -0.7990    0.8910
   -0.1990   -0.5990    0.9351
   -0.1990   -0.3990    0.9673
   -0.1990   -0.1990    0.9869
   -0.1990    0.0010    0.9934
   -0.1990    0.2010    0.9867
   -0.1990    0.4010    0.9670
   -0.1990    0.6010    0.9347
   -0.1990    0.8010    0.8905
   -0.1990    1.0010    0.8356
   -0.1990    1.2010    0.7712
   -0.1990    1.4010    0.6989
   -0.1990    1.6010    0.6202
   -0.1990    1.8010    0.5370
   -0.1990    2.0010    0.4512
   -0.1990    2.2010    0.3646
   -0.1990    2.4010    0.2792
   -0.1990    2.6010    0.1966
   -0.1990    2.8010    0.1185
   -0.1990    3.0010    0.0464
   -0.1990    3.2010   -0.0184
   -0.1990    3.4010   -0.0749
   -0.1990    3.6010   -0.1223
   -0.1990    3.8010   -0.1601
   -0.1990    4.0010   -0.1881
   -0.1990    4.2010   -0.2062
   -0.1990    4.4010   -0.2149
   -0.1990    4.6010   -0.2146
   -0.1990    4.8010   -0.2061
   -0.1990    5.0010   -0.1904
    0.0010   -4.9990   -0.1919
    0.0010   -4.7990   -0.2076
    0.0010   -4.5990   -0.2160
    0.0010   -4.3990   -0.2163
    0.0010   -4.1990   -0.2075
    0.0010   -3.9990   -0.1891
    0.0010   -3.7990   -0.1608
    0.0010   -3.5990   -0.1227
    0.0010   -3.3990   -0.0749
    0.0010   -3.1990   -0.0179
    0.0010   -2.9990    0.0474
    0.0010   -2.7990    0.1200
    0.0010   -2.5990    0.1987
    0.0010   -2.3990    0.2819
    0.0010   -2.1990    0.3679
    0.0010   -1.9990    0.4551
    0.0010   -1.7990    0.5415
    0.0010   -1.5990    0.6251
    0.0010   -1.3990    0.7043
    0.0010   -1.1990    0.7770
    0.0010   -0.9990    0.8418
    0.0010   -0.7990    0.8969
    0.0010   -0.5990    0.9413
    0.0010   -0.3990    0.9737
    0.0010   -0.1990    0.9934
    0.0010    0.0010    1.0000
    0.0010    0.2010    0.9933
    0.0010    0.4010    0.9734
    0.0010    0.6010    0.9409
    0.0010    0.8010    0.8964
    0.0010    1.0010    0.8412
    0.0010    1.2010    0.7764
    0.0010    1.4010    0.7035
    0.0010    1.6010    0.6243
    0.0010    1.8010    0.5406
    0.0010    2.0010    0.4542
    0.0010    2.2010    0.3671
    0.0010    2.4010    0.2810
    0.0010    2.6010    0.1979
    0.0010    2.8010    0.1193
    0.0010    3.0010    0.0467
    0.0010    3.2010   -0.0185
    0.0010    3.4010   -0.0754
    0.0010    3.6010   -0.1231
    0.0010    3.8010   -0.1612
    0.0010    4.0010   -0.1893
    0.0010    4.2010   -0.2076
    0.0010    4.4010   -0.2163
    0.0010    4.6010   -0.2160
    0.0010    4.8010   -0.2075
    0.0010    5.0010   -0.1917
    0.2010   -4.9990   -0.1906
    0.2010   -4.7990   -0.2062
    0.2010   -4.5990   -0.2146
    0.2010   -4.3990   -0.2148
    0.2010   -4.1990   -0.2061
    0.2010   -3.9990   -0.1878
    0.2010   -3.7990   -0.1598
    0.2010   -3.5990   -0.1219
    0.2010   -3.3990   -0.0744
    0.2010   -3.1990   -0.0178
    0.2010   -2.9990    0.0471
    0.2010   -2.7990    0.1192
    0.2010   -2.5990    0.1973
    0.2010   -2.3990    0.2800
    0.2010   -2.1990    0.3655
    0.2010   -1.9990    0.4520
    0.2010   -1.7990    0.5378
    0.2010   -1.5990    0.6209
    0.2010   -1.3990    0.6995
    0.2010   -1.1990    0.7718
    0.2010   -0.9990    0.8361
    0.2010   -0.7990    0.8909
    0.2010   -0.5990    0.9349
    0.2010   -0.3990    0.9671
    0.2010   -0.1990    0.9867
    0.2010    0.0010    0.9933
    0.2010    0.2010    0.9866
    0.2010    0.4010    0.9669
    0.2010    0.6010    0.9346
    0.2010    0.8010    0.8904
    0.2010    1.0010    0.8355
    0.2010    1.2010    0.7711
    0.2010    1.4010    0.6988
    0.2010    1.6010    0.6201
    0.2010    1.8010    0.5370
    0.2010    2.0010    0.4512
    0.2010    2.2010    0.3646
    0.2010    2.4010    0.2791
    0.2010    2.6010    0.1965
    0.2010    2.8010    0.1185
    0.2010    3.0010    0.0464
    0.2010    3.2010   -0.0184
    0.2010    3.4010   -0.0749
    0.2010    3.6010   -0.1223
    0.2010    3.8010   -0.1601
    0.2010    4.0010   -0.1880
    0.2010    4.2010   -0.2062
    0.2010    4.4010   -0.2148
    0.2010    4.6010   -0.2145
    0.2010    4.8010   -0.2061
    0.2010    5.0010   -0.1904
    0.4010   -4.9990   -0.1868
    0.4010   -4.7990   -0.2021
    0.4010   -4.5990   -0.2103
    0.4010   -4.3990   -0.2105
    0.4010   -4.1990   -0.2019
    0.4010   -3.9990   -0.1841
    0.4010   -3.7990   -0.1566
    0.4010   -3.5990   -0.1194
    0.4010   -3.3990   -0.0729
    0.4010   -3.1990   -0.0175
    0.4010   -2.9990    0.0461
    0.4010   -2.7990    0.1168
    0.4010   -2.5990    0.1934
    0.4010   -2.3990    0.2744
    0.4010   -2.1990    0.3582
    0.4010   -1.9990    0.4430
    0.4010   -1.7990    0.5271
    0.4010   -1.5990    0.6085
    0.4010   -1.3990    0.6856
    0.4010   -1.1990    0.7564
    0.4010   -0.9990    0.8194
    0.4010   -0.7990    0.8731
    0.4010   -0.5990    0.9162
    0.4010   -0.3990    0.9478
    0.4010   -0.1990    0.9670
    0.4010    0.0010    0.9734
    0.4010    0.2010    0.9669
    0.4010    0.4010    0.9475
    0.4010    0.6010    0.9159
    0.4010    0.8010    0.8726
    0.4010    1.0010    0.8188
    0.4010    1.2010    0.7557
    0.4010    1.4010    0.6848
    0.4010    1.6010    0.6077
    0.4010    1.8010    0.5262
    0.4010    2.0010    0.4421
    0.4010    2.2010    0.3573
    0.4010    2.4010    0.2735
    0.4010    2.6010    0.1926
    0.4010    2.8010    0.1161
    0.4010    3.0010    0.0455
    0.4010    3.2010   -0.0181
    0.4010    3.4010   -0.0734
    0.4010    3.6010   -0.1199
    0.4010    3.8010   -0.1569
    0.4010    4.0010   -0.1843
    0.4010    4.2010   -0.2021
    0.4010    4.4010   -0.2105
    0.4010    4.6010   -0.2103
    0.4010    4.8010   -0.2020
    0.4010    5.0010   -0.1866
    0.6010   -4.9990   -0.1805
    0.6010   -4.7990   -0.1953
    0.6010   -4.5990   -0.2033
    0.6010   -4.3990   -0.2035
    0.6010   -4.1990   -0.1952
    0.6010   -3.9990   -0.1779
    0.6010   -3.7990   -0.1513
    0.6010   -3.5990   -0.1155
    0.6010   -3.3990   -0.0705
    0.6010   -3.1990   -0.0169
    0.6010   -2.9990    0.0446
    0.6010   -2.7990    0.1129
    0.6010   -2.5990    0.1869
    0.6010   -2.3990    0.2652
    0.6010   -2.1990    0.3462
    0.6010   -1.9990    0.4282
    0.6010   -1.7990    0.5094
    0.6010   -1.5990    0.5882
    0.6010   -1.3990    0.6626
    0.6010   -1.1990    0.7311
    0.6010   -0.9990    0.7920
    0.6010   -0.7990    0.8439
    0.6010   -0.5990    0.8856
    0.6010   -0.3990    0.9161
    0.6010   -0.1990    0.9347
    0.6010    0.0010    0.9409
    0.6010    0.2010    0.9346
    0.6010    0.4010    0.9159
    0.6010    0.6010    0.8853
    0.6010    0.8010    0.8434
    0.6010    1.0010    0.7914
    0.6010    1.2010    0.7305
    0.6010    1.4010    0.6619
    0.6010    1.6010    0.5874
    0.6010    1.8010    0.5086
    0.6010    2.0010    0.4274
    0.6010    2.2010    0.3454
    0.6010    2.4010    0.2644
    0.6010    2.6010    0.1862
    0.6010    2.8010    0.1122
    0.6010    3.0010    0.0439
    0.6010    3.2010   -0.0175
    0.6010    3.4010   -0.0710
    0.6010    3.6010   -0.1159
    0.6010    3.8010   -0.1517
    0.6010    4.0010   -0.1781
    0.6010    4.2010   -0.1953
    0.6010    4.4010   -0.2035
    0.6010    4.6010   -0.2032
    0.6010    4.8010   -0.1952
    0.6010    5.0010   -0.1804
    0.8010   -4.9990   -0.1720
    0.8010   -4.7990   -0.1861
    0.8010   -4.5990   -0.1937
    0.8010   -4.3990   -0.1939
    0.8010   -4.1990   -0.1860
    0.8010   -3.9990   -0.1695
    0.8010   -3.7990   -0.1442
    0.8010   -3.5990   -0.1100
    0.8010   -3.3990   -0.0671
    0.8010   -3.1990   -0.0161
    0.8010   -2.9990    0.0425
    0.8010   -2.7990    0.1076
    0.8010   -2.5990    0.1781
    0.8010   -2.3990    0.2527
    0.8010   -2.1990    0.3298
    0.8010   -1.9990    0.4080
    0.8010   -1.7990    0.4854
    0.8010   -1.5990    0.5604
    0.8010   -1.3990    0.6313
    0.8010   -1.1990    0.6966
    0.8010   -0.9990    0.7546
    0.8010   -0.7990    0.8041
    0.8010   -0.5990    0.8438
    0.8010   -0.3990    0.8728
    0.8010   -0.1990    0.8905
    0.8010    0.0010    0.8964
    0.8010    0.2010    0.8904
    0.8010    0.4010    0.8726
    0.8010    0.6010    0.8434
    0.8010    0.8010    0.8036
    0.8010    1.0010    0.7541
    0.8010    1.2010    0.6960
    0.8010    1.4010    0.6307
    0.8010    1.6010    0.5597
    0.8010    1.8010    0.4846
    0.8010    2.0010    0.4072
    0.8010    2.2010    0.3291
    0.8010    2.4010    0.2519
    0.8010    2.6010    0.1774
    0.8010    2.8010    0.1069
    0.8010    3.0010    0.0419
    0.8010    3.2010   -0.0166
    0.8010    3.4010   -0.0676
    0.8010    3.6010   -0.1104
    0.8010    3.8010   -0.1445
    0.8010    4.0010   -0.1697
    0.8010    4.2010   -0.1861
    0.8010    4.4010   -0.1939
    0.8010    4.6010   -0.1936
    0.8010    4.8010   -0.1860
    0.8010    5.0010   -0.1718
    1.0010   -4.9990   -0.1614
    1.0010   -4.7990   -0.1746
    1.0010   -4.5990   -0.1817
    1.0010   -4.3990   -0.1819
    1.0010   -4.1990   -0.1745
    1.0010   -3.9990   -0.1591
    1.0010   -3.7990   -0.1353
    1.0010   -3.5990   -0.1032
    1.0010   -3.3990   -0.0630
    1.0010   -3.1990   -0.0151
    1.0010   -2.9990    0.0399
    1.0010   -2.7990    0.1010
    1.0010   -2.5990    0.1671
    1.0010   -2.3990    0.2371
    1.0010   -2.1990    0.3095
    1.0010   -1.9990    0.3828
    1.0010   -1.7990    0.4555
    1.0010   -1.5990    0.5259
    1.0010   -1.3990    0.5924
    1.0010   -1.1990    0.6536
    1.0010   -0.9990    0.7081
    1.0010   -0.7990    0.7545
    1.0010   -0.5990    0.7918
    1.0010   -0.3990    0.8190
    1.0010   -0.1990    0.8356
    1.0010    0.0010    0.8412
    1.0010    0.2010    0.8355
    1.0010    0.4010    0.8188
    1.0010    0.6010    0.7914
    1.0010    0.8010    0.7541
    1.0010    1.0010    0.7076
    1.0010    1.2010    0.6530
    1.0010    1.4010    0.5918
    1.0010    1.6010    0.5252
    1.0010    1.8010    0.4547
    1.0010    2.0010    0.3821
    1.0010    2.2010    0.3088
    1.0010    2.4010    0.2364
    1.0010    2.6010    0.1664
    1.0010    2.8010    0.1003
    1.0010    3.0010    0.0393
    1.0010    3.2010   -0.0156
    1.0010    3.4010   -0.0634
    1.0010    3.6010   -0.1036
    1.0010    3.8010   -0.1356
    1.0010    4.0010   -0.1592
    1.0010    4.2010   -0.1746
    1.0010    4.4010   -0.1819
    1.0010    4.6010   -0.1817
    1.0010    4.8010   -0.1745
    1.0010    5.0010   -0.1612
    1.2010   -4.9990   -0.1490
    1.2010   -4.7990   -0.1612
    1.2010   -4.5990   -0.1677
    1.2010   -4.3990   -0.1679
    1.2010   -4.1990   -0.1611
    1.2010   -3.9990   -0.1468
    1.2010   -3.7990   -0.1249
    1.2010   -3.5990   -0.0953
    1.2010   -3.3990   -0.0581
    1.2010   -3.1990   -0.0139
    1.2010   -2.9990    0.0368
    1.2010   -2.7990    0.0932
    1.2010   -2.5990    0.1542
    1.2010   -2.3990    0.2188
    1.2010   -2.1990    0.2856
    1.2010   -1.9990    0.3533
    1.2010   -1.7990    0.4204
    1.2010   -1.5990    0.4853
    1.2010   -1.3990    0.5468
    1.2010   -1.1990    0.6033
    1.2010   -0.9990    0.6535
    1.2010   -0.7990    0.6963
    1.2010   -0.5990    0.7308
    1.2010   -0.3990    0.7559
    1.2010   -0.1990    0.7712
    1.2010    0.0010    0.7764
    1.2010    0.2010    0.7711
    1.2010    0.4010    0.7557
    1.2010    0.6010    0.7305
    1.2010    0.8010    0.6960
    1.2010    1.0010    0.6530
    1.2010    1.2010    0.6027
    1.2010    1.4010    0.5462
    1.2010    1.6010    0.4847
    1.2010    1.8010    0.4197
    1.2010    2.0010    0.3526
    1.2010    2.2010    0.2850
    1.2010    2.4010    0.2182
    1.2010    2.6010    0.1536
    1.2010    2.8010    0.0926
    1.2010    3.0010    0.0363
    1.2010    3.2010   -0.0144
    1.2010    3.4010   -0.0586
    1.2010    3.6010   -0.0956
    1.2010    3.8010   -0.1251
    1.2010    4.0010   -0.1470
    1.2010    4.2010   -0.1612
    1.2010    4.4010   -0.1679
    1.2010    4.6010   -0.1677
    1.2010    4.8010   -0.1611
    1.2010    5.0010   -0.1488
    1.4010   -4.9990   -0.1350
    1.4010   -4.7990   -0.1460
    1.4010   -4.5990   -0.1520
    1.4010   -4.3990   -0.1521
    1.4010   -4.1990   -0.1459
    1.4010   -3.9990   -0.1330
    1.4010   -3.7990   -0.1132
    1.4010   -3.5990   -0.0863
    1.4010   -3.3990   -0.0527
    1.4010   -3.1990   -0.0126
    1.4010   -2.9990    0.0333
    1.4010   -2.7990    0.0844
    1.4010   -2.5990    0.1398
    1.4010   -2.3990    0.1983
    1.4010   -2.1990    0.2588
    1.4010   -1.9990    0.3202
    1.4010   -1.7990    0.3809
    1.4010   -1.5990    0.4398
    1.4010   -1.3990    0.4955
    1.4010   -1.1990    0.5467
    1.4010   -0.9990    0.5922
    1.4010   -0.7990    0.6310
    1.4010   -0.5990    0.6622
    1.4010   -0.3990    0.6850
    1.4010   -0.1990    0.6989
    1.4010    0.0010    0.7035
    1.4010    0.2010    0.6988
    1.4010    0.4010    0.6848
    1.4010    0.6010    0.6619
    1.4010    0.8010    0.6307
    1.4010    1.0010    0.5918
    1.4010    1.2010    0.5462
    1.4010    1.4010    0.4949
    1.4010    1.6010    0.4392
    1.4010    1.8010    0.3803
    1.4010    2.0010    0.3195
    1.4010    2.2010    0.2582
    1.4010    2.4010    0.1977
    1.4010    2.6010    0.1392
    1.4010    2.8010    0.0839
    1.4010    3.0010    0.0329
    1.4010    3.2010   -0.0130
    1.4010    3.4010   -0.0531
    1.4010    3.6010   -0.0866
    1.4010    3.8010   -0.1134
    1.4010    4.0010   -0.1332
    1.4010    4.2010   -0.1460
    1.4010    4.4010   -0.1522
    1.4010    4.6010   -0.1520
    1.4010    4.8010   -0.1460
    1.4010    5.0010   -0.1349
    1.6010   -4.9990   -0.1198
    1.6010   -4.7990   -0.1296
    1.6010   -4.5990   -0.1349
    1.6010   -4.3990   -0.1350
    1.6010   -4.1990   -0.1295
    1.6010   -3.9990   -0.1181
    1.6010   -3.7990   -0.1004
    1.6010   -3.5990   -0.0766
    1.6010   -3.3990   -0.0468
    1.6010   -3.1990   -0.0112
    1.6010   -2.9990    0.0296
    1.6010   -2.7990    0.0749
    1.6010   -2.5990    0.1240
    1.6010   -2.3990    0.1760
    1.6010   -2.1990    0.2297
    1.6010   -1.9990    0.2841
    1.6010   -1.7990    0.3380
    1.6010   -1.5990    0.3903
    1.6010   -1.3990    0.4397
    1.6010   -1.1990    0.4851
    1.6010   -0.9990    0.5255
    1.6010   -0.7990    0.5600
    1.6010   -0.5990    0.5877
    1.6010   -0.3990    0.6079
    1.6010   -0.1990    0.6202
    1.6010    0.0010    0.6243
    1.6010    0.2010    0.6201
    1.6010    0.4010    0.6077
    1.6010    0.6010    0.5874
    1.6010    0.8010    0.5597
    1.6010    1.0010    0.5252
    1.6010    1.2010    0.4847
    1.6010    1.4010    0.4392
    1.6010    1.6010    0.3898
    1.6010    1.8010    0.3375
    1.6010    2.0010    0.2836
    1.6010    2.2010    0.2292
    1.6010    2.4010    0.1754
    1.6010    2.6010    0.1235
    1.6010    2.8010    0.0745
    1.6010    3.0010    0.0292
    1.6010    3.2010   -0.0116
    1.6010    3.4010   -0.0471
    1.6010    3.6010   -0.0769
    1.6010    3.8010   -0.1006
    1.6010    4.0010   -0.1182
    1.6010    4.2010   -0.1296
    1.6010    4.4010   -0.1350
    1.6010    4.6010   -0.1349
    1.6010    4.8010   -0.1295
    1.6010    5.0010   -0.1197
    1.8010   -4.9990   -0.1037
    1.8010   -4.7990   -0.1122
    1.8010   -4.5990   -0.1168
    1.8010   -4.3990   -0.1169
    1.8010   -4.1990   -0.1121
    1.8010   -3.9990   -0.1022
    1.8010   -3.7990   -0.0870
    1.8010   -3.5990   -0.0663
    1.8010   -3.3990   -0.0405
    1.8010   -3.1990   -0.0097
    1.8010   -2.9990    0.0256
    1.8010   -2.7990    0.0649
    1.8010   -2.5990    0.1074
    1.8010   -2.3990    0.1524
    1.8010   -2.1990    0.1989
    1.8010   -1.9990    0.2460
    1.8010   -1.7990    0.2927
    1.8010   -1.5990    0.3380
    1.8010   -1.3990    0.3807
    1.8010   -1.1990    0.4201
    1.8010   -0.9990    0.4551
    1.8010   -0.7990    0.4849
    1.8010   -0.5990    0.5088
    1.8010   -0.3990    0.5264
    1.8010   -0.1990    0.5370
    1.8010    0.0010    0.5406
    1.8010    0.2010    0.5370
    1.8010    0.4010    0.5262
    1.8010    0.6010    0.5086
    1.8010    0.8010    0.4846
    1.8010    1.0010    0.4547
    1.8010    1.2010    0.4197
    1.8010    1.4010    0.3803
    1.8010    1.6010    0.3375
    1.8010    1.8010    0.2922
    1.8010    2.0010    0.2455
    1.8010    2.2010    0.1984
    1.8010    2.4010    0.1519
    1.8010    2.6010    0.1070
    1.8010    2.8010    0.0645
    1.8010    3.0010    0.0252
    1.8010    3.2010   -0.0100
    1.8010    3.4010   -0.0408
    1.8010    3.6010   -0.0666
    1.8010    3.8010   -0.0871
    1.8010    4.0010   -0.1023
    1.8010    4.2010   -0.1122
    1.8010    4.4010   -0.1169
    1.8010    4.6010   -0.1168
    1.8010    4.8010   -0.1122
    1.8010    5.0010   -0.1036
    2.0010   -4.9990   -0.0872
    2.0010   -4.7990   -0.0943
    2.0010   -4.5990   -0.0981
    2.0010   -4.3990   -0.0982
    2.0010   -4.1990   -0.0942
    2.0010   -3.9990   -0.0859
    2.0010   -3.7990   -0.0731
    2.0010   -3.5990   -0.0557
    2.0010   -3.3990   -0.0340
    2.0010   -3.1990   -0.0081
    2.0010   -2.9990    0.0215
    2.0010   -2.7990    0.0545
    2.0010   -2.5990    0.0902
    2.0010   -2.3990    0.1280
    2.0010   -2.1990    0.1671
    2.0010   -1.9990    0.2067
    2.0010   -1.7990    0.2459
    2.0010   -1.5990    0.2839
    2.0010   -1.3990    0.3199
    2.0010   -1.1990    0.3529
    2.0010   -0.9990    0.3823
    2.0010   -0.7990    0.4074
    2.0010   -0.5990    0.4275
    2.0010   -0.3990    0.4423
    2.0010   -0.1990    0.4512
    2.0010    0.0010    0.4542
    2.0010    0.2010    0.4512
    2.0010    0.4010    0.4421
    2.0010    0.6010    0.4274
    2.0010    0.8010    0.4072
    2.0010    1.0010    0.3821
    2.0010    1.2010    0.3526
    2.0010    1.4010    0.3195
    2.0010    1.6010    0.2836
    2.0010    1.8010    0.2455
    2.0010    2.0010    0.2063
    2.0010    2.2010    0.1667
    2.0010    2.4010    0.1276
    2.0010    2.6010    0.0899
    2.0010    2.8010    0.0542
    2.0010    3.0010    0.0212
    2.0010    3.2010   -0.0084
    2.0010    3.4010   -0.0343
    2.0010    3.6010   -0.0559
    2.0010    3.8010   -0.0732
    2.0010    4.0010   -0.0860
    2.0010    4.2010   -0.0943
    2.0010    4.4010   -0.0982
    2.0010    4.6010   -0.0981
    2.0010    4.8010   -0.0942
    2.0010    5.0010   -0.0871
    2.2010   -4.9990   -0.0704
    2.2010   -4.7990   -0.0762
    2.2010   -4.5990   -0.0793
    2.2010   -4.3990   -0.0794
    2.2010   -4.1990   -0.0761
    2.2010   -3.9990   -0.0694
    2.2010   -3.7990   -0.0590
    2.2010   -3.5990   -0.0450
    2.2010   -3.3990   -0.0275
    2.2010   -3.1990   -0.0066
    2.2010   -2.9990    0.0174
    2.2010   -2.7990    0.0441
    2.2010   -2.5990    0.0729
    2.2010   -2.3990    0.1035
    2.2010   -2.1990    0.1351
    2.2010   -1.9990    0.1670
    2.2010   -1.7990    0.1987
    2.2010   -1.5990    0.2295
    2.2010   -1.3990    0.2585
    2.2010   -1.1990    0.2852
    2.2010   -0.9990    0.3090
    2.2010   -0.7990    0.3292
    2.2010   -0.5990    0.3455
    2.2010   -0.3990    0.3574
    2.2010   -0.1990    0.3646
    2.2010    0.0010    0.3671
    2.2010    0.2010    0.3646
    2.2010    0.4010    0.3573
    2.2010    0.6010    0.3454
    2.2010    0.8010    0.3291
    2.2010    1.0010    0.3088
    2.2010    1.2010    0.2850
    2.2010    1.4010    0.2582
    2.2010    1.6010    0.2292
    2.2010    1.8010    0.1984
    2.2010    2.0010    0.1667
    2.2010    2.2010    0.1347
    2.2010    2.4010    0.1032
    2.2010    2.6010    0.0726
    2.2010    2.8010    0.0438
    2.2010    3.0010    0.0171
    2.2010    3.2010   -0.0068
    2.2010    3.4010   -0.0277
    2.2010    3.6010   -0.0452
    2.2010    3.8010   -0.0592
    2.2010    4.0010   -0.0695
    2.2010    4.2010   -0.0762
    2.2010    4.4010   -0.0794
    2.2010    4.6010   -0.0793
    2.2010    4.8010   -0.0762
    2.2010    5.0010   -0.0704
    2.4010   -4.9990   -0.0539
    2.4010   -4.7990   -0.0583
    2.4010   -4.5990   -0.0607
    2.4010   -4.3990   -0.0608
    2.4010   -4.1990   -0.0583
    2.4010   -3.9990   -0.0531
    2.4010   -3.7990   -0.0452
    2.4010   -3.5990   -0.0345
    2.4010   -3.3990   -0.0210
    2.4010   -3.1990   -0.0050
    2.4010   -2.9990    0.0133
    2.4010   -2.7990    0.0337
    2.4010   -2.5990    0.0558
    2.4010   -2.3990    0.0792
    2.4010   -2.1990    0.1034
    2.4010   -1.9990    0.1279
    2.4010   -1.7990    0.1522
    2.4010   -1.5990    0.1757
    2.4010   -1.3990    0.1979
    2.4010   -1.1990    0.2184
    2.4010   -0.9990    0.2366
    2.4010   -0.7990    0.2521
    2.4010   -0.5990    0.2645
    2.4010   -0.3990    0.2736
    2.4010   -0.1990    0.2792
    2.4010    0.0010    0.2810
    2.4010    0.2010    0.2791
    2.4010    0.4010    0.2735
    2.4010    0.6010    0.2644
    2.4010    0.8010    0.2519
    2.4010    1.0010    0.2364
    2.4010    1.2010    0.2182
    2.4010    1.4010    0.1977
    2.4010    1.6010    0.1754
    2.4010    1.8010    0.1519
    2.4010    2.0010    0.1276
    2.4010    2.2010    0.1032
    2.4010    2.4010    0.0790
    2.4010    2.6010    0.0556
    2.4010    2.8010    0.0335
    2.4010    3.0010    0.0131
    2.4010    3.2010   -0.0052
    2.4010    3.4010   -0.0212
    2.4010    3.6010   -0.0346
    2.4010    3.8010   -0.0453
    2.4010    4.0010   -0.0532
    2.4010    4.2010   -0.0583
    2.4010    4.4010   -0.0608
    2.4010    4.6010   -0.0607
    2.4010    4.8010   -0.0583
    2.4010    5.0010   -0.0539
    2.6010   -4.9990   -0.0380
    2.6010   -4.7990   -0.0411
    2.6010   -4.5990   -0.0427
    2.6010   -4.3990   -0.0428
    2.6010   -4.1990   -0.0410
    2.6010   -3.9990   -0.0374
    2.6010   -3.7990   -0.0318
    2.6010   -3.5990   -0.0243
    2.6010   -3.3990   -0.0148
    2.6010   -3.1990   -0.0035
    2.6010   -2.9990    0.0094
    2.6010   -2.7990    0.0237
    2.6010   -2.5990    0.0393
    2.6010   -2.3990    0.0558
    2.6010   -2.1990    0.0728
    2.6010   -1.9990    0.0900
    2.6010   -1.7990    0.1071
    2.6010   -1.5990    0.1237
    2.6010   -1.3990    0.1394
    2.6010   -1.1990    0.1537
    2.6010   -0.9990    0.1666
    2.6010   -0.7990    0.1775
    2.6010   -0.5990    0.1862
    2.6010   -0.3990    0.1927
    2.6010   -0.1990    0.1966
    2.6010    0.0010    0.1979
    2.6010    0.2010    0.1965
    2.6010    0.4010    0.1926
    2.6010    0.6010    0.1862
    2.6010    0.8010    0.1774
    2.6010    1.0010    0.1664
    2.6010    1.2010    0.1536
    2.6010    1.4010    0.1392
    2.6010    1.6010    0.1235
    2.6010    1.8010    0.1070
    2.6010    2.0010    0.0899
    2.6010    2.2010    0.0726
    2.6010    2.4010    0.0556
    2.6010    2.6010    0.0392
    2.6010    2.8010    0.0236
    2.6010    3.0010    0.0092
    2.6010    3.2010   -0.0037
    2.6010    3.4010   -0.0149
    2.6010    3.6010   -0.0244
    2.6010    3.8010   -0.0319
    2.6010    4.0010   -0.0375
    2.6010    4.2010   -0.0411
    2.6010    4.4010   -0.0428
    2.6010    4.6010   -0.0427
    2.6010    4.8010   -0.0411
    2.6010    5.0010   -0.0379
    2.8010   -4.9990   -0.0229
    2.8010   -4.7990   -0.0248
    2.8010   -4.5990   -0.0258
    2.8010   -4.3990   -0.0258
    2.8010   -4.1990   -0.0247
    2.8010   -3.9990   -0.0226
    2.8010   -3.7990   -0.0192
    2.8010   -3.5990   -0.0146
    2.8010   -3.3990   -0.0089
    2.8010   -3.1990   -0.0021
    2.8010   -2.9990    0.0057
    2.8010   -2.7990    0.0143
    2.8010   -2.5990    0.0237
    2.8010   -2.3990    0.0336
    2.8010   -2.1990    0.0439
    2.8010   -1.9990    0.0543
    2.8010   -1.7990    0.0646
    2.8010   -1.5990    0.0746
    2.8010   -1.3990    0.0840
    2.8010   -1.1990    0.0927
    2.8010   -0.9990    0.1004
    2.8010   -0.7990    0.1070
    2.8010   -0.5990    0.1123
    2.8010   -0.3990    0.1161
    2.8010   -0.1990    0.1185
    2.8010    0.0010    0.1193
    2.8010    0.2010    0.1185
    2.8010    0.4010    0.1161
    2.8010    0.6010    0.1122
    2.8010    0.8010    0.1069
    2.8010    1.0010    0.1003
    2.8010    1.2010    0.0926
    2.8010    1.4010    0.0839
    2.8010    1.6010    0.0745
    2.8010    1.8010    0.0645
    2.8010    2.0010    0.0542
    2.8010    2.2010    0.0438
    2.8010    2.4010    0.0335
    2.8010    2.6010    0.0236
    2.8010    2.8010    0.0142
    2.8010    3.0010    0.0056
    2.8010    3.2010   -0.0022
    2.8010    3.4010   -0.0090
    2.8010    3.6010   -0.0147
    2.8010    3.8010   -0.0192
    2.8010    4.0010   -0.0226
    2.8010    4.2010   -0.0248
    2.8010    4.4010   -0.0258
    2.8010    4.6010   -0.0258
    2.8010    4.8010   -0.0247
    2.8010    5.0010   -0.0229
    3.0010   -4.9990   -0.0090
    3.0010   -4.7990   -0.0097
    3.0010   -4.5990   -0.0101
    3.0010   -4.3990   -0.0101
    3.0010   -4.1990   -0.0097
    3.0010   -3.9990   -0.0088
    3.0010   -3.7990   -0.0075
    3.0010   -3.5990   -0.0057
    3.0010   -3.3990   -0.0035
    3.0010   -3.1990   -0.0008
    3.0010   -2.9990    0.0022
    3.0010   -2.7990    0.0056
    3.0010   -2.5990    0.0093
    3.0010   -2.3990    0.0132
    3.0010   -2.1990    0.0172
    3.0010   -1.9990    0.0212
    3.0010   -1.7990    0.0253
    3.0010   -1.5990    0.0292
    3.0010   -1.3990    0.0329
    3.0010   -1.1990    0.0363
    3.0010   -0.9990    0.0393
    3.0010   -0.7990    0.0419
    3.0010   -0.5990    0.0440
    3.0010   -0.3990    0.0455
    3.0010   -0.1990    0.0464
    3.0010    0.0010    0.0467
    3.0010    0.2010    0.0464
    3.0010    0.4010    0.0455
    3.0010    0.6010    0.0439
    3.0010    0.8010    0.0419
    3.0010    1.0010    0.0393
    3.0010    1.2010    0.0363
    3.0010    1.4010    0.0329
    3.0010    1.6010    0.0292
    3.0010    1.8010    0.0252
    3.0010    2.0010    0.0212
    3.0010    2.2010    0.0171
    3.0010    2.4010    0.0131
    3.0010    2.6010    0.0092
    3.0010    2.8010    0.0056
    3.0010    3.0010    0.0022
    3.0010    3.2010   -0.0009
    3.0010    3.4010   -0.0035
    3.0010    3.6010   -0.0057
    3.0010    3.8010   -0.0075
    3.0010    4.0010   -0.0088
    3.0010    4.2010   -0.0097
    3.0010    4.4010   -0.0101
    3.0010    4.6010   -0.0101
    3.0010    4.8010   -0.0097
    3.0010    5.0010   -0.0090
    3.2010   -4.9990    0.0036
    3.2010   -4.7990    0.0039
    3.2010   -4.5990    0.0040
    3.2010   -4.3990    0.0040
    3.2010   -4.1990    0.0038
    3.2010   -3.9990    0.0035
    3.2010   -3.7990    0.0030
    3.2010   -3.5990    0.0023
    3.2010   -3.3990    0.0014
    3.2010   -3.1990    0.0003
    3.2010   -2.9990   -0.0009
    3.2010   -2.7990   -0.0022
    3.2010   -2.5990   -0.0037
    3.2010   -2.3990   -0.0052
    3.2010   -2.1990   -0.0068
    3.2010   -1.9990   -0.0084
    3.2010   -1.7990   -0.0100
    3.2010   -1.5990   -0.0116
    3.2010   -1.3990   -0.0131
    3.2010   -1.1990   -0.0144
    3.2010   -0.9990   -0.0156
    3.2010   -0.7990   -0.0166
    3.2010   -0.5990   -0.0175
    3.2010   -0.3990   -0.0181
    3.2010   -0.1990   -0.0184
    3.2010    0.0010   -0.0185
    3.2010    0.2010   -0.0184
    3.2010    0.4010   -0.0181
    3.2010    0.6010   -0.0175
    3.2010    0.8010   -0.0166
    3.2010    1.0010   -0.0156
    3.2010    1.2010   -0.0144
    3.2010    1.4010   -0.0130
    3.2010    1.6010   -0.0116
    3.2010    1.8010   -0.0100
    3.2010    2.0010   -0.0084
    3.2010    2.2010   -0.0068
    3.2010    2.4010   -0.0052
    3.2010    2.6010   -0.0037
    3.2010    2.8010   -0.0022
    3.2010    3.0010   -0.0009
    3.2010    3.2010    0.0003
    3.2010    3.4010    0.0014
    3.2010    3.6010    0.0023
    3.2010    3.8010    0.0030
    3.2010    4.0010    0.0035
    3.2010    4.2010    0.0039
    3.2010    4.4010    0.0040
    3.2010    4.6010    0.0040
    3.2010    4.8010    0.0038
    3.2010    5.0010    0.0036
    3.4010   -4.9990    0.0145
    3.4010   -4.7990    0.0157
    3.4010   -4.5990    0.0163
    3.4010   -4.3990    0.0163
    3.4010   -4.1990    0.0156
    3.4010   -3.9990    0.0143
    3.4010   -3.7990    0.0121
    3.4010   -3.5990    0.0093
    3.4010   -3.3990    0.0056
    3.4010   -3.1990    0.0014
    3.4010   -2.9990   -0.0036
    3.4010   -2.7990   -0.0091
    3.4010   -2.5990   -0.0150
    3.4010   -2.3990   -0.0213
    3.4010   -2.1990   -0.0277
    3.4010   -1.9990   -0.0343
    3.4010   -1.7990   -0.0408
    3.4010   -1.5990   -0.0471
    3.4010   -1.3990   -0.0531
    3.4010   -1.1990   -0.0586
    3.4010   -0.9990   -0.0635
    3.4010   -0.7990   -0.0676
    3.4010   -0.5990   -0.0710
    3.4010   -0.3990   -0.0734
    3.4010   -0.1990   -0.0749
    3.4010    0.0010   -0.0754
    3.4010    0.2010   -0.0749
    3.4010    0.4010   -0.0734
    3.4010    0.6010   -0.0710
    3.4010    0.8010   -0.0676
    3.4010    1.0010   -0.0634
    3.4010    1.2010   -0.0586
    3.4010    1.4010   -0.0531
    3.4010    1.6010   -0.0471
    3.4010    1.8010   -0.0408
    3.4010    2.0010   -0.0343
    3.4010    2.2010   -0.0277
    3.4010    2.4010   -0.0212
    3.4010    2.6010   -0.0149
    3.4010    2.8010   -0.0090
    3.4010    3.0010   -0.0035
    3.4010    3.2010    0.0014
    3.4010    3.4010    0.0057
    3.4010    3.6010    0.0093
    3.4010    3.8010    0.0122
    3.4010    4.0010    0.0143
    3.4010    4.2010    0.0157
    3.4010    4.4010    0.0163
    3.4010    4.6010    0.0163
    3.4010    4.8010    0.0156
    3.4010    5.0010    0.0145
    3.6010   -4.9990    0.0236
    3.6010   -4.7990    0.0256
    3.6010   -4.5990    0.0266
    3.6010   -4.3990    0.0266
    3.6010   -4.1990    0.0255
    3.6010   -3.9990    0.0233
    3.6010   -3.7990    0.0198
    3.6010   -3.5990    0.0151
    3.6010   -3.3990    0.0092
    3.6010   -3.1990    0.0022
    3.6010   -2.9990   -0.0058
    3.6010   -2.7990   -0.0148
    3.6010   -2.5990   -0.0245
    3.6010   -2.3990   -0.0347
    3.6010   -2.1990   -0.0453
    3.6010   -1.9990   -0.0560
    3.6010   -1.7990   -0.0667
    3.6010   -1.5990   -0.0770
    3.6010   -1.3990   -0.0867
    3.6010   -1.1990   -0.0957
    3.6010   -0.9990   -0.1037
    3.6010   -0.7990   -0.1104
    3.6010   -0.5990   -0.1159
    3.6010   -0.3990   -0.1199
    3.6010   -0.1990   -0.1223
    3.6010    0.0010   -0.1231
    3.6010    0.2010   -0.1223
    3.6010    0.4010   -0.1199
    3.6010    0.6010   -0.1159
    3.6010    0.8010   -0.1104
    3.6010    1.0010   -0.1036
    3.6010    1.2010   -0.0956
    3.6010    1.4010   -0.0866
    3.6010    1.6010   -0.0769
    3.6010    1.8010   -0.0666
    3.6010    2.0010   -0.0559
    3.6010    2.2010   -0.0452
    3.6010    2.4010   -0.0346
    3.6010    2.6010   -0.0244
    3.6010    2.8010   -0.0147
    3.6010    3.0010   -0.0057
    3.6010    3.2010    0.0023
    3.6010    3.4010    0.0093
    3.6010    3.6010    0.0152
    3.6010    3.8010    0.0198
    3.6010    4.0010    0.0233
    3.6010    4.2010    0.0256
    3.6010    4.4010    0.0266
    3.6010    4.6010    0.0266
    3.6010    4.8010    0.0255
    3.6010    5.0010    0.0236
    3.8010   -4.9990    0.0309
    3.8010   -4.7990    0.0335
    3.8010   -4.5990    0.0348
    3.8010   -4.3990    0.0349
    3.8010   -4.1990    0.0334
    3.8010   -3.9990    0.0305
    3.8010   -3.7990    0.0259
    3.8010   -3.5990    0.0198
    3.8010   -3.3990    0.0121
    3.8010   -3.1990    0.0029
    3.8010   -2.9990   -0.0076
    3.8010   -2.7990   -0.0193
    3.8010   -2.5990   -0.0320
    3.8010   -2.3990   -0.0454
    3.8010   -2.1990   -0.0593
    3.8010   -1.9990   -0.0734
    3.8010   -1.7990   -0.0873
    3.8010   -1.5990   -0.1008
    3.8010   -1.3990   -0.1135
    3.8010   -1.1990   -0.1252
    3.8010   -0.9990   -0.1357
    3.8010   -0.7990   -0.1446
    3.8010   -0.5990   -0.1517
    3.8010   -0.3990   -0.1569
    3.8010   -0.1990   -0.1601
    3.8010    0.0010   -0.1612
    3.8010    0.2010   -0.1601
    3.8010    0.4010   -0.1569
    3.8010    0.6010   -0.1517
    3.8010    0.8010   -0.1445
    3.8010    1.0010   -0.1356
    3.8010    1.2010   -0.1251
    3.8010    1.4010   -0.1134
    3.8010    1.6010   -0.1006
    3.8010    1.8010   -0.0871
    3.8010    2.0010   -0.0732
    3.8010    2.2010   -0.0592
    3.8010    2.4010   -0.0453
    3.8010    2.6010   -0.0319
    3.8010    2.8010   -0.0192
    3.8010    3.0010   -0.0075
    3.8010    3.2010    0.0030
    3.8010    3.4010    0.0122
    3.8010    3.6010    0.0198
    3.8010    3.8010    0.0260
    3.8010    4.0010    0.0305
    3.8010    4.2010    0.0335
    3.8010    4.4010    0.0349
    3.8010    4.6010    0.0348
    3.8010    4.8010    0.0334
    3.8010    5.0010    0.0309
    4.0010   -4.9990    0.0363
    4.0010   -4.7990    0.0393
    4.0010   -4.5990    0.0409
    4.0010   -4.3990    0.0409
    4.0010   -4.1990    0.0393
    4.0010   -3.9990    0.0358
    4.0010   -3.7990    0.0305
    4.0010   -3.5990    0.0232
    4.0010   -3.3990    0.0142
    4.0010   -3.1990    0.0034
    4.0010   -2.9990   -0.0090
    4.0010   -2.7990   -0.0227
    4.0010   -2.5990   -0.0376
    4.0010   -2.3990   -0.0534
    4.0010   -2.1990   -0.0697
    4.0010   -1.9990   -0.0862
    4.0010   -1.7990   -0.1025
    4.0010   -1.5990   -0.1183
    4.0010   -1.3990   -0.1333
    4.0010   -1.1990   -0.1471
    4.0010   -0.9990   -0.1594
    4.0010   -0.7990   -0.1698
    4.0010   -0.5990   -0.1782
    4.0010   -0.3990   -0.1843
    4.0010   -0.1990   -0.1881
    4.0010    0.0010   -0.1893
    4.0010    0.2010   -0.1880
    4.0010    0.4010   -0.1843
    4.0010    0.6010   -0.1781
    4.0010    0.8010   -0.1697
    4.0010    1.0010   -0.1592
    4.0010    1.2010   -0.1470
    4.0010    1.4010   -0.1332
    4.0010    1.6010   -0.1182
    4.0010    1.8010   -0.1023
    4.0010    2.0010   -0.0860
    4.0010    2.2010   -0.0695
    4.0010    2.4010   -0.0532
    4.0010    2.6010   -0.0375
    4.0010    2.8010   -0.0226
    4.0010    3.0010   -0.0088
    4.0010    3.2010    0.0035
    4.0010    3.4010    0.0143
    4.0010    3.6010    0.0233
    4.0010    3.8010    0.0305
    4.0010    4.0010    0.0358
    4.0010    4.2010    0.0393
    4.0010    4.4010    0.0409
    4.0010    4.6010    0.0409
    4.0010    4.8010    0.0393
    4.0010    5.0010    0.0363
    4.2010   -4.9990    0.0398
    4.2010   -4.7990    0.0431
    4.2010   -4.5990    0.0448
    4.2010   -4.3990    0.0449
    4.2010   -4.1990    0.0431
    4.2010   -3.9990    0.0393
    4.2010   -3.7990    0.0334
    4.2010   -3.5990    0.0255
    4.2010   -3.3990    0.0155
    4.2010   -3.1990    0.0037
    4.2010   -2.9990   -0.0098
    4.2010   -2.7990   -0.0249
    4.2010   -2.5990   -0.0412
    4.2010   -2.3990   -0.0585
    4.2010   -2.1990   -0.0764
    4.2010   -1.9990   -0.0945
    4.2010   -1.7990   -0.1124
    4.2010   -1.5990   -0.1298
    4.2010   -1.3990   -0.1462
    4.2010   -1.1990   -0.1613
    4.2010   -0.9990   -0.1747
    4.2010   -0.7990   -0.1862
    4.2010   -0.5990   -0.1954
    4.2010   -0.3990   -0.2021
    4.2010   -0.1990   -0.2062
    4.2010    0.0010   -0.2076
    4.2010    0.2010   -0.2062
    4.2010    0.4010   -0.2021
    4.2010    0.6010   -0.1953
    4.2010    0.8010   -0.1861
    4.2010    1.0010   -0.1746
    4.2010    1.2010   -0.1612
    4.2010    1.4010   -0.1460
    4.2010    1.6010   -0.1296
    4.2010    1.8010   -0.1122
    4.2010    2.0010   -0.0943
    4.2010    2.2010   -0.0762
    4.2010    2.4010   -0.0583
    4.2010    2.6010   -0.0411
    4.2010    2.8010   -0.0248
    4.2010    3.0010   -0.0097
    4.2010    3.2010    0.0039
    4.2010    3.4010    0.0157
    4.2010    3.6010    0.0256
    4.2010    3.8010    0.0335
    4.2010    4.0010    0.0393
    4.2010    4.2010    0.0431
    4.2010    4.4010    0.0449
    4.2010    4.6010    0.0448
    4.2010    4.8010    0.0431
    4.2010    5.0010    0.0398
    4.4010   -4.9990    0.0415
    4.4010   -4.7990    0.0449
    4.4010   -4.5990    0.0467
    4.4010   -4.3990    0.0468
    4.4010   -4.1990    0.0449
    4.4010   -3.9990    0.0409
    4.4010   -3.7990    0.0348
    4.4010   -3.5990    0.0265
    4.4010   -3.3990    0.0162
    4.4010   -3.1990    0.0039
    4.4010   -2.9990   -0.0102
    4.4010   -2.7990   -0.0260
    4.4010   -2.5990   -0.0430
    4.4010   -2.3990   -0.0610
    4.4010   -2.1990   -0.0796
    4.4010   -1.9990   -0.0984
    4.4010   -1.7990   -0.1171
    4.4010   -1.5990   -0.1352
    4.4010   -1.3990   -0.1523
    4.4010   -1.1990   -0.1681
    4.4010   -0.9990   -0.1821
    4.4010   -0.7990   -0.1940
    4.4010   -0.5990   -0.2036
    4.4010   -0.3990   -0.2106
    4.4010   -0.1990   -0.2149
    4.4010    0.0010   -0.2163
    4.4010    0.2010   -0.2148
    4.4010    0.4010   -0.2105
    4.4010    0.6010   -0.2035
    4.4010    0.8010   -0.1939
    4.4010    1.0010   -0.1819
    4.4010    1.2010   -0.1679
    4.4010    1.4010   -0.1522
    4.4010    1.6010   -0.1350
    4.4010    1.8010   -0.1169
    4.4010    2.0010   -0.0982
    4.4010    2.2010   -0.0794
    4.4010    2.4010   -0.0608
    4.4010    2.6010   -0.0428
    4.4010    2.8010   -0.0258
    4.4010    3.0010   -0.0101
    4.4010    3.2010    0.0040
    4.4010    3.4010    0.0163
    4.4010    3.6010    0.0266
    4.4010    3.8010    0.0349
    4.4010    4.0010    0.0409
    4.4010    4.2010    0.0449
    4.4010    4.4010    0.0468
    4.4010    4.6010    0.0467
    4.4010    4.8010    0.0449
    4.4010    5.0010    0.0415
    4.6010   -4.9990    0.0414
    4.6010   -4.7990    0.0448
    4.6010   -4.5990    0.0467
    4.6010   -4.3990    0.0467
    4.6010   -4.1990    0.0448
    4.6010   -3.9990    0.0408
    4.6010   -3.7990    0.0347
    4.6010   -3.5990    0.0265
    4.6010   -3.3990    0.0162
    4.6010   -3.1990    0.0039
    4.6010   -2.9990   -0.0102
    4.6010   -2.7990   -0.0259
    4.6010   -2.5990   -0.0429
    4.6010   -2.3990   -0.0609
    4.6010   -2.1990   -0.0795
    4.6010   -1.9990   -0.0983
    4.6010   -1.7990   -0.1170
    4.6010   -1.5990   -0.1350
    4.6010   -1.3990   -0.1521
    4.6010   -1.1990   -0.1678
    4.6010   -0.9990   -0.1818
    4.6010   -0.7990   -0.1937
    4.6010   -0.5990   -0.2033
    4.6010   -0.3990   -0.2103
    4.6010   -0.1990   -0.2146
    4.6010    0.0010   -0.2160
    4.6010    0.2010   -0.2145
    4.6010    0.4010   -0.2103
    4.6010    0.6010   -0.2032
    4.6010    0.8010   -0.1936
    4.6010    1.0010   -0.1817
    4.6010    1.2010   -0.1677
    4.6010    1.4010   -0.1520
    4.6010    1.6010   -0.1349
    4.6010    1.8010   -0.1168
    4.6010    2.0010   -0.0981
    4.6010    2.2010   -0.0793
    4.6010    2.4010   -0.0607
    4.6010    2.6010   -0.0427
    4.6010    2.8010   -0.0258
    4.6010    3.0010   -0.0101
    4.6010    3.2010    0.0040
    4.6010    3.4010    0.0163
    4.6010    3.6010    0.0266
    4.6010    3.8010    0.0348
    4.6010    4.0010    0.0409
    4.6010    4.2010    0.0448
    4.6010    4.4010    0.0467
    4.6010    4.6010    0.0467
    4.6010    4.8010    0.0448
    4.6010    5.0010    0.0414
    4.8010   -4.9990    0.0398
    4.8010   -4.7990    0.0431
    4.8010   -4.5990    0.0448
    4.8010   -4.3990    0.0449
    4.8010   -4.1990    0.0430
    4.8010   -3.9990    0.0392
    4.8010   -3.7990    0.0334
    4.8010   -3.5990    0.0255
    4.8010   -3.3990    0.0155
    4.8010   -3.1990    0.0037
    4.8010   -2.9990   -0.0098
    4.8010   -2.7990   -0.0249
    4.8010   -2.5990   -0.0412
    4.8010   -2.3990   -0.0585
    4.8010   -2.1990   -0.0763
    4.8010   -1.9990   -0.0944
    4.8010   -1.7990   -0.1123
    4.8010   -1.5990   -0.1297
    4.8010   -1.3990   -0.1461
    4.8010   -1.1990   -0.1612
    4.8010   -0.9990   -0.1746
    4.8010   -0.7990   -0.1861
    4.8010   -0.5990   -0.1953
    4.8010   -0.3990   -0.2020
    4.8010   -0.1990   -0.2061
    4.8010    0.0010   -0.2075
    4.8010    0.2010   -0.2061
    4.8010    0.4010   -0.2020
    4.8010    0.6010   -0.1952
    4.8010    0.8010   -0.1860
    4.8010    1.0010   -0.1745
    4.8010    1.2010   -0.1611
    4.8010    1.4010   -0.1460
    4.8010    1.6010   -0.1295
    4.8010    1.8010   -0.1122
    4.8010    2.0010   -0.0942
    4.8010    2.2010   -0.0762
    4.8010    2.4010   -0.0583
    4.8010    2.6010   -0.0411
    4.8010    2.8010   -0.0247
    4.8010    3.0010   -0.0097
    4.8010    3.2010    0.0038
    4.8010    3.4010    0.0156
    4.8010    3.6010    0.0255
    4.8010    3.8010    0.0334
    4.8010    4.0010    0.0393
    4.8010    4.2010    0.0431
    4.8010    4.4010    0.0449
    4.8010    4.6010    0.0448
    4.8010    4.8010    0.0430
    4.8010    5.0010    0.0398
    5.0010   -4.9990    0.0368
    5.0010   -4.7990    0.0398
    5.0010   -4.5990    0.0414
    5.0010   -4.3990    0.0415
    5.0010   -4.1990    0.0398
    5.0010   -3.9990    0.0362
    5.0010   -3.7990    0.0308
    5.0010   -3.5990    0.0235
    5.0010   -3.3990    0.0144
    5.0010   -3.1990    0.0034
    5.0010   -2.9990   -0.0091
    5.0010   -2.7990   -0.0230
    5.0010   -2.5990   -0.0381
    5.0010   -2.3990   -0.0540
    5.0010   -2.1990   -0.0705
    5.0010   -1.9990   -0.0872
    5.0010   -1.7990   -0.1038
    5.0010   -1.5990   -0.1198
    5.0010   -1.3990   -0.1350
    5.0010   -1.1990   -0.1490
    5.0010   -0.9990   -0.1614
    5.0010   -0.7990   -0.1719
    5.0010   -0.5990   -0.1804
    5.0010   -0.3990   -0.1866
    5.0010   -0.1990   -0.1904
    5.0010    0.0010   -0.1917
    5.0010    0.2010   -0.1904
    5.0010    0.4010   -0.1866
    5.0010    0.6010   -0.1804
    5.0010    0.8010   -0.1718
    5.0010    1.0010   -0.1612
    5.0010    1.2010   -0.1488
    5.0010    1.4010   -0.1349
    5.0010    1.6010   -0.1197
    5.0010    1.8010   -0.1036
    5.0010    2.0010   -0.0871
    5.0010    2.2010   -0.0704
    5.0010    2.4010   -0.0539
    5.0010    2.6010   -0.0379
    5.0010    2.8010   -0.0229
    5.0010    3.0010   -0.0090
    5.0010    3.2010    0.0036
    5.0010    3.4010    0.0145
    5.0010    3.6010    0.0236
    5.0010    3.8010    0.0309
    5.0010    4.0010    0.0363
    5.0010    4.2010    0.0398
    5.0010    4.4010    0.0415
    5.0010    4.6010    0.0414
    5.0010    4.8010    0.0398
    5.0010    5.0010    0.0367